2.7834
1.1256
-1.2241
-0.27284
3.2259
-3.46
0.6839
0.20192
0.58584
0.35917
0.77716
0.86802
-1.7674
1.894
4.6706
-2.0624
-3.9542
4.288
0.07716
-1.6043
-0.80514
2.2932
-0.28116
-2.4938
0.23875
-0.44398
-1.0123
1.0478
2.0613
-1.5955
-0.093735
-0.4176
-1.3843
-1.9708
-0.76527
1.4501
1.3878
-2.3659
1.2821
-1.7198
-1.7876
1.8864
-0.37893
-1.7235
0.59902
-2.0812
0.071716
-3.3336
-0.45791
-2.7482
-1.482
2.2658
0.17075
-1.2871
-0.21987
1.7873
-0.20334
-0.7876
-0.41636
0.43295
-0.97395
-0.21423
2.3696
-0.38322
-2.9528
0.72
-0.94407
-1.1625
0.23085
2.0746
1.2233
-0.10621
0.48683
-1.8641
-3.0649
3.4146
0.88411
-2.2665
-2.0413
0.35461
-1.865
0.013974
1.6335
0.90352
-1.71
-1.7693
4.1591
0.04277
0.18922
0.23968
-0.13394
-0.10348
1.1959
1.2106
-1.7409
-2.0531
-1.5344
-0.83057
0.66352
-2.3885
-0.17385
-0.77568
-0.4398
-0.81519
-0.94273
-0.033173
-1.2206
1.2811
-0.9791
0.1959
-0.68827
-0.69722
-0.3455
-2.2253
-0.95827
-2.0442
-2.6753
-1.4697
4.057
2.0919
0.73688
-0.84171
0.94144
-1.4503
-2.9267
4.9685
0.75525
-0.92821
0.092731
1.6269
-2.5484
0.11319
2.9065
0.096048
-1.1476
2.0702
-0.48023
-2.1689
-0.32087
0.29074
0.13834
-0.12371
2.3367
0.25909
-0.32092
-0.8448
-0.92741
3.8635
-0.035017
-0.59565
1.6538
3.1901
-0.4422
1.0811
0.10755
0.36902
-1.0208
-1.7998
1.9
-1.4274
0.14565
-0.86019
0.82249
-1.3762
0.62023
0.53784
-0.83238
0.5803
0.65114
-0.104
-1.5809
2.2022
-1.352
1.9501
1.0795
-0.15811
-1.0543
0.6505
0.51863
0.99678
-2.6185
2.0587
-0.31196
-0.020656
1.4724
-1.2358
0.010852
0.3771
1.3163
1.4818
-0.51646
-1.9429
3.3067
1.4215
-4.9341
-0.7816
-0.40904
-0.94824
-0.95156
-0.87044
-0.21955
-4.4908
-4.207
-0.20118
0.61121
0.077203
-1.1381
-1.4766
-0.58877
-2.4897
0.12383
-2.4372
2.0612
-0.26518
3.4886
-0.13739
4.0068
2.7364
2.1783
1.1966
0.74584
-4.0277
2.4848
1.3981
-4.4305
-4.2478
-2.6579
-0.11278
-1.7539
-1.4961
3.5143
2.724
0.049387
-2.1309
1.3405
-1.0511
0.91738
7.2855
0.43671
-2.9103
0.026597
0.043081
0.90986
-1.3759
-0.26319
-0.016546
0.25335
-0.96037
0.96904
0.83452
-0.45868
0.10159
0.92736
0.2131
-0.70873
0.67372
-0.43147
-1.712
0.8623
0.49589
-0.43377
-0.42398
0.33118
0.9349
-0.34035
-0.37345
1.8806
-1.3839
0.070321
0.52482
-0.99704
-0.90279
-0.34914
1.1304
-1.6339
-0.4491
-0.3174
-0.21053
-0.33105
0.73488
-0.12187
-0.35487
0.40755
-0.30925
-0.050235
0.40947
-0.72805
0.3791
0.81713
-3.5258
2.531
-0.072266
-6.627
-0.5374
2.1253
-3.1571
-0.94545
3.9734
-1.9201
-2.2168
0.57898
3.9397
0.23353
-0.55756
-1.3488
4.6682
-1.0326
2.4163
0.31868
-4.3143
-1.2904
0.65649
-0.21241
0.10655
2.2651
-5.063
2.6544
2.5
0.48608
-2.8958
0.97476
2.0654
-6.0692
2.4116
0.86772
-4.4823
-1.2984
-0.85214
0.57415
0.30208
-5.1474
-0.67598
0.14174
-1.3178
-1.7452
-3.0146
0.91088
-1.5481
0.36017
1.324
0.082695
-1.4107
0.25823
1.4162
0.016141
-0.80422
0.94579
-0.45078
0.031706
-0.15272
0.87562
0.55134
-0.75172
-0.12504
1.1238
-0.76955
0.93978
0.0427
0.38738
-0.45008
2.2665
0.28365
0.55156
1.878
-0.16331
-1.4795
-1.1667
-0.46901
-0.90172
-1.3753
-0.62121
-0.02454
1.0996
0.15861
1.448
-0.13906
-0.37248
-0.6616
0.47365
-1.1279
1.2047
1.3999
0.1383
-0.15742
2.5667
-1.1444
0.21343
-0.070503
1.9201
-3.3306
-1.9949
1.6662
-1.4062
0.23441
-2.8528
1.5025
-0.26803
-0.56605
1.9897
-1.3618
1.2637
2.5408
0.9046
-2.3146
-1.6954
3.607
0.2748
-2.3238
1.2553
-2.1429
-1.4311
0.46014
-0.53498
-2.7357
-1.326
-1.0922
2.1904
0.54483
1.2207
-0.943
0.37452
0.34079
3.5824
-3.0736
-0.99262
0.56536
-0.50189
-3.4444
-0.2894
2.2983
-1.3432
-0.16794
-0.073102
0.029373
0.74851
-0.69158
-0.31458
0.14042
-0.74089
-0.2104
-0.47409
0.083248
-0.34624
-0.5008
-0.16239
-0.7979
-0.17039
0.062964
0.56695
-0.31675
-0.12826
0.73881
-0.014396
-0.019158
0.066037
0.14001
0.12134
0.77892
-0.022743
-0.42948
0.39227
0.098683
-0.049436
0.14852
0.12394
-0.18709
-0.13043
0.52353
-0.7039
-0.33237
-0.041568
0.69403
-0.32625
0.0015449
0.34769
-0.023782
-0.077693
0.85999
0.11328
-0.37704
1.3939
1.2452
-1.6804
-0.80725
0.16638
-0.79095
-0.69345
0.10151
0.082372
-1.2414
0.63032
1.4804
0.1567
-0.47432
0.44928
0.59999
-0.060209
-0.80662
-1.297
-0.91018
-1.0325
0.64154
1.8956
-1.0468
0.67094
0.8791
-0.3462
0.099231
1.0002
-1.4781
-0.022405
1.1561
1.3668
-0.10736
1.8417
0.48506
-0.68264
-0.43634
1.8469
2.3023
-1.4584
-0.27063
2.0715
-0.3841
-0.65476
1.7641
0.80165
-0.90263
0.78886
1.0361
-1.1705
-0.55509
0.41186
0.38652
-0.87421
0.65867
0.9126
0.15799
-0.34886
1.0795
0.09865
-0.38079
0.69009
1.2477
0.14208
-0.1543
-0.50515
0.08885
-0.96675
-0.088781
1.0753
-0.70328
0.40823
0.22088
-0.6708
-0.39336
0.72108
0.21511
-0.80692
0.3207
0.55816
-0.96211
0.5356
0.54686
1.1697
-0.87066
0.25423
0.072755
-0.43513
-0.36008
0.20551
-0.11843
-0.45864
0.25814
-0.20223
-0.46874
-0.13835
1.4869
0.16145
-1.8776
1.3112
1.0611
-2.5512
1.3915
1.1393
-1.1027
-1.5546
2.0087
0.13728
-1.5591
-0.31609
0.858
-0.71184
-0.63724
1.309
0.65044
-1.2256
0.54126
0.50706
-0.74533
-0.52104
-0.0085588
0.12166
-0.4713
0.24715
-1.4042
-0.63067
-0.209
1.4333
-1.6684
-0.21706
0.54305
-0.15773
-2.2031
-0.42275
0.00526
-0.60018
-1.9865
1.4022
-0.0081251
-0.96367
1.8481
0.34602
-2.037
0.48899
0.25428
-1.9165
0.12101
-0.40653
-2.1904
-0.46667
1.3276
0.72321
-1.3176
0.83261
1.4132
-0.98789
-2.0066
-0.3568
0.9515
-2.7637
1.7712
0.83261
-0.14322
0.21772
2.4927
0.79075
-1.3783
1.2208
-0.11208
-0.56686
-0.059111
-0.27555
-0.82167
-0.44315
2.1071
-0.27688
-1.2492
1.9403
0.21337
-1.8282
1.3322
0.9086
1.1688
-2.816
-0.0093148
0.40627
-1.4419
1.0466
1.3609
0.81147
-0.79538
1.4729
-0.31277
0.05037
1.0447
-0.12467
-1.306
-0.1084
0.8096
-0.35676
-0.80822
1.0247
-0.0012655
-1.1369
1.7784
-0.26549
-0.46138
-0.052059
1.1407
-0.074754
-0.87832
1.8608
0.84788
0.30096
-0.32583
0.53912
-1.3023
0.80493
1.4993
-0.23838
-0.34633
1.5033
0.040746
-0.75698
0.90014
0.060183
-0.36246
-0.23348
0.94917
-0.34617
-2.3737
0.54702
-0.059659
-0.44794
-1.1476
0.82338
-0.73458
-0.68414
0.49992
-2.3456
1.3967
2.2204
-1.9439
1.0711
0.97057
-1.344
-1.1427
0.91798
-0.11248
-1.7713
0.94099
1.2788
-0.9528
-0.97873
-0.09613
1.9377
-0.24899
-1.2015
1.1816
-0.80811
-0.25282
0.53327
1.2079
-2.7923
2.6482
1.144
-1.2293
0.87055
0.71759
-1.4049
-0.38651
1.5134
1.1155
-0.11382
-0.60038
2.583
-1.0967
-2.4134
2.776
-0.023615
0.80911
1.3101
2.3304
-0.71024
-3.29
0.55383
-0.055912
-0.065384
2.2507
1.6855
-2.3346
0.85673
-0.92247
-1.4132
-0.48631
0.017512
-1.2888
-1.1129
0.097731
1.4272
-3.2871
-0.46951
1.481
-0.57607
-0.25457
0.36467
1.3116
-0.77836
0.057131
1.0508
-1.0289
0.57992
1.5176
-1.0085
0.37154
0.3877
-0.31414
-0.88299
-0.18066
1.7905
-1.8723
-0.49452
1.1967
-1.9111
-1.0574
0.85673
0.73164
-0.49081
0.1118
0.52272
0.012951
-0.25668
2.3391
-0.83699
0.092362
-0.91341
-0.11218
2.332
0.50479
-1.7635
3.3297
0.18591
-2.4495
-2.2079
2.1303
-0.74332
-0.82947
-0.32718
2.9608
-0.38862
-0.29846
0.54242
0.35872
-1.7055
1.0416
2.9203
-1.5754
0.783
2.416
-0.83894
0.62252
-0.36322
-1.8832
-0.37041
0.29137
1.6552
-1.3855
0.37566
-0.56953
-0.3177
-1.1721
-0.14598
0.024832
-2.6381
-0.23423
2.556
-1.9967
-1.8769
0.041311
-1.157
-0.1919
-0.36098
1.307
-2.1674
0.62945
3.7598
-1.9914
-2.4464
0.29222
1.1272
-2.2752
0.49203
-0.42312
-1.4421
-2.9521
1.9666
0.53111
-3.1396
0.82176
2.5546
1.488
-1.2132
1.9231
0.91879
-3.1395
-1.4532
2.6505
-6.3868
0.27397
1.8227
-0.78921
-0.89649
3.0242
-2.6593
0.52309
-0.20193
1.8579
-2.359
-0.51397
1.4721
1.9947
-0.37771
-0.44897
1.5895
-1.7442
-2.2079
1.8841
-0.36444
-1.8074
3.684
2.3689
1.4112
-0.41177
-1.3632
-1.1515
0.50181
0.37759
-1.8408
-0.13618
2.0336
-2.5425
-0.6535
0.85079
0.83893
-2.7493
0.76226
0.028187
-3.2657
1.4799
-0.39671
0.16112
-1.5591
2.7861
2.2508
0.76496
0.74491
0.152
-3.5782
0.52568
0.53884
-2.7786
-2.6304
2.4227
-1.1078
-1.7551
0.58802
1.1311
-1.5094
-0.18701
2.272
-0.41957
-1.264
0.75621
1.2107
-2.1889
-0.16376
-0.69634
0.29968
-2.1598
0.16238
-1.7007
0.75657
1.5552
-0.49552
-0.83047
1.5636
0.58648
-2.0901
-0.23078
0.88283
-0.71482
-0.79127
1.5851
-0.21689
-0.89444
0.65438
0.90747
-0.38366
-0.73316
1.6241
-0.25534
-1.5628
0.58436
-0.59168
-0.48792
1.5534
1.4137
-1.2207
-0.70328
0.82173
-0.40941
-1.1922
1.3155
1.3407
-0.74073
-0.17941
0.70856
-0.14606
-0.85561
1.7777
0.62577
-1.2461
0.56198
0.80227
-0.64623
-0.13045
0.81785
0.92328
-0.24395
-0.65499
1.0065
-0.43346
-0.75548
-0.14545
0.62756
-0.96718
-0.78249
1.1288
-0.18306
-0.87166
0.22239
0.39818
-0.37277
-0.41071
1.1228
0.013049
-1.6329
0.066827
0.67602
-0.87994
-0.23385
0.74947
-0.46058
0.35125
1.1357
-0.69202
-0.40728
0.31236
0.46779
-0.50337
-0.52957
1.2017
-0.89994
-0.74261
0.28995
-0.03273
-0.65824
-0.16327
0.16489
-0.23363
-0.32044
0.69073
-0.019179
-1.0521
-0.42246
-0.51019
0.0095478
0.51013
-0.32263
-0.2009
0.29355
0.076095
-0.31003
0.096068
0.38751
-0.31089
-0.13768
0.66289
0.53079
-0.41171
-0.07217
0.71165
-0.40321
-0.35871
0.65994
-0.095935
-0.52207
0.53768
0.41222
-0.34627
0.31522
0.12178
-0.54167
-0.10218
0.37617
-0.064888
-0.46809
0.41877
0.17891
-0.50797
0.008445
0.42163
-0.02398
-0.46047
0.43104
0.37415
-0.34626
-0.028823
0.56223
-0.29948
-0.39407
0.37462
0.18698
-0.56361
-1.1744
1.1108
1.1447
-2.2621
-0.32055
1.5932
-1.4132
-1.3305
0.5378
0.77669
-1.5034
0.3736
1.9581
-1.249
-0.70129
1.429
0.63171
-3.1082
0.52894
2.1018
0.64299
-2.0894
0.98657
-2.2232
0.048403
0.92837
-0.14515
-2.0445
0.62444
2.5573
-0.5682
0.86736
1.8752
-1.7195
-1.6284
0.35187
1.463
-0.79962
-0.84623
1.0403
-1.2578
-1.8225
0.3033
0.027581
-1.3006
-0.44041
0.5367
0.076726
-0.56414
0.75409
0.067179
-0.69981
0.19663
0.40172
0.020972
-0.20509
0.70266
-0.21072
-0.76559
-0.33542
0.78196
0.2008
-0.51563
0.80999
0.335
-0.83967
0.21074
0.32674
-0.36021
-0.64342
1.0485
-0.56921
-0.13696
0.82594
-0.243
-0.56458
0.29414
0.48719
-0.82229
-0.38224
0.59185
-0.25794
-0.26319
0.56201
0.23544
-0.32803
0.22617
0.51313
0.099977
-0.57455
0.32648
0.43459
-0.56663
-0.17541
0.48998
-1.1366
0.86048
-0.35412
-2.1143
-0.062979
1.0028
-0.47776
-0.59254
1.1731
1.2613
-1.3376
-0.56985
0.86276
-0.91991
-0.75621
0.69545
1.0616
-1.6553
-0.60568
1.5866
-1.0521
-0.391
0.74524
0.58492
-0.057984
2.2008
0.92194
-1.7315
1.0777
0.44544
-1.4495
0.15972
2.1968
-0.22129
-1.0697
1.023
1.8486
-0.687
-1.2663
1.1858
-0.075938
-0.83928
0.47276
1.4163
-0.92532
-0.20271
1.5317
0.11849
0.2503
1.0098
-0.20685
-0.7426
0.14028
0.55897
-0.56917
-0.69482
0.25986
-0.047245
-0.36254
0.38751
0.12622
0.0052784
-0.21508
0.47587
-0.59311
-0.57702
-0.25265
0.19295
-0.4936
-0.23319
0.30487
-0.038767
0.25214
0.83913
-0.26733
-0.40265
0.3676
0.59353
-0.55593
0.2569
0.77024
-0.61891
-0.01091
0.2415
-0.097448
-0.2148
0.2463
0.55017
-0.17025
-0.40113
0.10693
0.22675
-0.46401
0.076847
0.47392
-0.41424
0.16556
0.049605
0.019418
-0.0086501
0.13762
0.28349
-0.20071
0.021446
0.22515
0.17303
-0.0026352
0.28369
-0.22016
-0.12905
0.27216
-0.0043532
-0.058272
-0.02953
0.12469
-0.082494
0.053027
0.16158
-0.092285
-0.38987
0.28308
0.015511
-0.24172
0.238
0.13448
-0.20981
-0.1752
0.2677
-0.13734
-0.29462
0.25571
0.17028
-0.27529
0.16563
0.15691
-0.23531
-0.29286
0.38105
0.2609
-0.45735
-0.011498
0.24917
-0.27536
-0.16449
1.0522
-0.65835
0.29603
1.7252
-0.78122
-1.2361
0.59301
0.46823
-1.0238
0.17391
0.42985
-0.060809
-1.0776
0.34202
0.79706
-1.2769
0.32621
1.5803
-0.83991
-0.65501
1.2923
0.33184
-0.96215
1.191
0.026701
-1.5573
0.54543
0.5591
-0.97696
0.17521
0.41139
-0.53801
-0.79621
1.8033
0.70481
-1.0332
-0.35766
0.59412
-0.14232
-1.2381
0.67102
0.62758
-1.1781
0.11255
1.2256
0.09163
-0.92184
0.47917
-1.0076
0.043066
1.439
-0.72393
-1.309
1.7803
-0.36744
-1.4313
0.61074
1.6552
-1.9372
-1.1067
1.9795
0.88485
-1.6419
0.19427
1.5876
-2.2826
-1.3834
1.1883
0.40998
-1.5812
0.85151
1.3416
-0.49919
1.1873
0.65625
-2.0874
0.14046
1.7861
-1.3513
-0.71844
1.2868
-0.3947
-2.3788
1.3706
1.3891
-0.72918
-0.44218
0.93191
0.6762
-1.2621
0.81828
2.1891
-0.74291
-0.2923
1.4993
0.4822
2.7931
-0.37265
-2.885
2.4086
2.2468
-2.5586
-0.931
3.2502
-1.1387
-2.3565
2.8236
1.3776
-2.0453
-0.72838
3.1565
-1.7113
-2.7483
3.503
2.1464
-2.315
-1.0923
2.3914
-0.93143
-3.0696
2.2347
-2.7228
-1.2743
2.5734
0.41738
-2.5425
1.6661
2.2372
-3.1132
-0.93448
3.6079
-0.44057
-3.2782
1.3747
2.113
-2.9722
-0.78079
2.3746
-0.45496
-2.0904
1.498
2.0736
-3.7912
0.11245
0.25178
-0.96779
-0.18184
1.8334
0.22096
-2.1488
1.0579
0.68385
-1.6971
0.39728
1.8436
-0.10225
-1.0202
0.86242
0.93704
-1.5289
-0.79553
1.3612
-0.050549
-1.8564
0.94624
0.90287
-1.2261
-0.12128
0.43459
-0.92989
0.20809
1.7346
-0.41617
-1.3739
1.0532
0.52183
-1.5252
0.62737
1.2851
-0.4691
-1.4176
1.3787
0.065327
-1.4551
0.30955
1.185
-0.80564
-0.76406
1.7523
0.44742
-1.1573
0.60203
2.7231
-2.4119
-1.3081
2.7533
-0.41228
-3.1086
2.5794
2.5559
-1.6812
-0.53228
3.4587
-0.16092
-3.4031
0.53994
1.3241
-1.8775
-0.35047
3.582
-0.74298
-2.7894
1.6678
1.462
-2.5609
-0.57135
1.0266
-3.0886
0.77446
3.0149
-1.498
-2.0053
1.7354
1.7684
-2.5959
-1.074
0.98053
-1.0997
-2.7644
1.6006
2.0447
-4.1095
-0.48596
3.948
-1.8194
-2.0911
1.6747
0.88385
-2.2732
0.28055
-1.6706
1.4573
0.7897
-1.4206
0.66815
1.8187
-0.81829
-1.375
1.4401
0.36898
-1.8802
0.56565
1.3238
-0.14841
-0.95806
1.1762
0.22373
-0.68291
0.30806
1.7496
-1.4964
-0.70744
1.0334
0.37431
-0.79521
2.3953
-0.453
-1.4841
1.3607
1.4281
-1.6012
-0.78747
1.7536
-1.0088
-2.5898
1.2149
0.54161
-0.69245
-0.53636
0.84817
-0.37444
-0.73181
0.28076
1.972
-1.4588
-0.51976
1.0028
-0.063648
-0.41503
-1.2679
1.4418
0.51547
-1.138
0.037402
1.5595
-1.29
-0.70782
1.7348
-0.1872
-1.2556
-0.1603
1.3721
-1.5168
-0.91607
1.0617
0.096708
-2.7886
0.25609
1.1293
-1.2277
-0.99416
1.8536
-1.1581
-0.74978
1.8229
-0.65481
-1.4119
1.4403
0.69401
-1.6924
0.045848
1.9025
-1.5641
-1.5978
1.3494
0.73082
-1.7711
-0.64211
1.8544
-0.33301
-1.5612
1.4564
1.5738
-2.0223
-0.62312
1.7434
0.82446
-0.55017
-0.62117
0.78145
0.11304
-0.58721
0.18856
0.82582
-0.54076
-0.57306
0.52644
0.1614
-0.71083
0.38524
0.71419
-0.47241
-0.38225
0.73067
0.061095
-0.65766
0.19213
0.7965
-0.80392
-0.40493
0.60288
-0.80488
-0.47289
0.70597
-0.10879
-0.80014
0.47314
0.26356
-0.56252
-0.28489
0.75419
-0.25967
-0.65276
0.37299
0.50922
-0.48359
-0.18282
0.66206
-0.052116
-0.85085
0.47945
0.62923
-0.64718
-0.14075
-0.025104
-0.90797
1.1933
0.67338
-1.8144
0.402
2.0072
-1.0404
-0.99595
1.4032
0.03232
-1.0841
0.090618
1.1592
-0.0487
-0.8623
1.4188
0.57641
-1.3332
0.18608
1.7083
-0.60712
-1.4485
1.5084
-1.788
-1.0757
1.5813
0.17036
-1.7229
1.3544
0.92395
-2.8669
-0.40869
2.0439
0.019506
-1.3926
0.84101
1.2389
-1.0996
-0.96623
1.8107
-0.50232
-1.8988
0.99573
1.0033
-1.3741
-0.45797
2.023
-0.32195
1.3585
0.23214
-0.99286
0.12806
0.38966
-0.79019
-0.87013
0.61082
-0.12393
-1.052
0.42065
0.53653
-0.89853
-0.37365
0.71846
-0.25852
-1.2484
0.47974
0.73823
-0.7386
-0.53733
1.0206
-0.17481
0.10926
1.1625
-0.79539
-0.40686
1.0791
0.12917
-0.94996
-0.12822
0.89621
-0.94244
-0.52969
0.86587
0.24626
-0.85479
-0.15179
0.98955
-0.31445
-0.69248
0.92083
0.22199
-0.88752
0.33075
1.0956
-0.61952
-1.1676
-0.19712
1.5691
-0.27492
-0.85845
0.53683
0.12078
-1.348
0.066127
1.0647
-0.69848
-0.538
1.0868
0.61497
-0.87574
0.29003
0.99855
-0.28199
-0.90744
0.77075
0.40436
-1.3892
0.27238
0.8218
-0.88665
0.56016
0.2856
-0.79315
-0.40613
1.3612
-0.77111
-0.97957
0.78535
0.28483
-0.96258
0.18388
1.0505
-0.23963
-1.2201
0.73428
0.89989
-0.75014
-0.098886
1.2266
-0.55909
-0.65422
0.82248
0.53354
0.30264
0.49934
-0.37151
-0.20051
0.42033
-0.21898
-0.31547
0.18
0.43567
-0.60535
-0.05365
0.19212
-0.11429
-0.16127
0.54653
0.19639
-0.27339
0.23086
0.2001
-0.4336
-0.5173
0.42091
0.18341
-0.87468
1.3632
-0.094381
-0.97955
0.64537
0.83575
-0.96215
-0.35938
1.3162
-0.46047
-0.88334
0.87369
0.64265
-1.3506
-0.28523
0.61852
-0.4155
-0.93046
1.088
0.49333
-0.85772
0.26419
0.95182
-0.64962
-0.61866
0.6503
2.3575
-2.0829
-1.3676
2.0208
0.38864
-2.0523
0.35848
1.4058
-1.1397
-0.73556
1.5433
0.1847
-1.8498
0.75145
2.0932
-1.7542
-0.73687
1.9616
-0.04952
-2.4274
0.71873
1.0879
-1.5296
1.5006
1.2199
-1.7292
-0.26892
1.9018
-0.59698
-1.7722
1.4578
1.2077
-1.7598
-0.052667
1.5455
-0.2418
-2.1602
1.6552
1.3477
-2.2633
0.059887
1.9091
-0.97428
-1.6719
1.6433
1.0018
-2.1531
-1.9246
-0.24701
2.5623
-0.29166
-1.7916
1.197
1.8264
-2.3023
-0.35815
1.9835
-0.7698
-2.4519
1.3755
1.8976
-1.9641
-1.1819
2.4864
-0.55355
-1.7082
1.7259
1.2151
-2.007
-0.22552
1.6382
-2.3772
0.82369
2.0287
-1.5913
-0.88238
2.4151
0.16552
-2.2081
0.94259
1.4766
-0.97536
-0.96501
2.4236
0.63649
-2.2308
0.61756
2.1326
-1.8371
-1.6687
2.2629
-0.0691
-2.3249
1.1936
1.8049
1.7167
-2.0095
-1.1198
2.1774
-0.62152
-1.5176
1.0058
1.0942
-2.4585
-0.12641
2.3142
-0.50853
-1.6374
1.2038
1.5461
-1.7315
-0.60073
2.2582
-0.36025
-1.5315
1.0361
1.2665
-2.4418
0.054109
0.35885
-2.0796
0.5793
1.5645
-1.5283
-0.95992
1.8147
-0.23854
-1.8384
0.83702
1.3696
-1.3758
-1.1249
2.2291
0.28331
-2.5782
0.58041
1.3056
-1.2675
-0.80866
2.4083
-0.083274
-2.0488
1.1911
0.81422
0.062949
-0.71012
0.2864
0.72851
-0.68383
-0.48174
0.72673
-0.050864
-0.61457
0.51528
0.7665
-0.45397
-0.74554
0.63759
0.32618
-0.84989
0.37913
0.72047
-0.50697
-0.53869
0.74576
0.0081002
-0.74211
0.8468
-0.44726
-0.48923
0.68989
0.079039
-0.73633
0.19519
0.63712
-0.53889
-0.33618
0.69009
0.14035
-0.75187
-0.17976
0.80359
-0.15349
-0.79281
0.80997
0.30787
-0.71096
0.10759
0.64898
-0.51305
-0.37409
2.1015
-0.35783
-1.4334
1.4509
0.42578
-1.8015
-0.0076651
1.4725
-1.1153
-1.4458
1.4411
0.14386
-1.7508
-0.071128
1.6714
-0.93013
-1.233
1.5809
0.83211
-2.2619
0.28623
1.3051
-1.0441
-0.99988
1.2829
-1.505
-0.13644
1.5867
-0.26325
-1.3922
1.4889
0.87979
-1.6937
0.054018
1.5926
-0.87621
-1.7769
1.4551
1.548
-1.7455
-0.44442
1.9373
-0.36046
-1.8752
1.6756
0.50696
-2.155
0.1526
-0.090357
0.8107
-0.29805
-0.80054
0.91045
0.35664
-0.88644
0.080689
0.94874
-0.78263
-0.65148
0.96737
0.10641
-0.41777
-0.26531
0.6749
-0.062625
-0.61701
0.48422
0.35127
-0.72244
-0.13583
0.98005
-0.4183
0.40115
0.46717
-0.76519
-0.10242
0.86124
-0.29657
-0.58731
0.93886
0.29134
-1.0515
0.22943
0.74236
-0.19527
-0.42163
0.19039
0.45327
-0.59715
-0.18725
0.67499
-0.035072
-0.73535
0.65354
0.4666
-0.75998
-0.15884
-1.3302
0.78783
0.59194
-1.1978
-0.09196
1.3763
-0.46064
-1.0773
1.4176
0.37356
-1.4732
-0.33098
1.499
-0.24372
-0.81265
0.89647
1.0057
-0.85496
-0.2796
1.3738
-0.41523
-1.1118
1.2195
-1.4148
-0.73828
1.5643
-0.52178
-1.4555
0.82247
1.0685
-1.5038
-0.49191
1.5855
-0.62346
-1.5328
0.74211
1.2263
-0.97993
-0.73468
1.6841
-0.14892
-1.5873
0.81116
0.99395
-1.5264
-0.47781
1.7143
0.82585
0.57065
-0.87186
0.053364
1.0857
-0.3771
-0.93464
0.79759
0.33192
-1.226
0.022138
1.3017
-0.77503
-0.51132
0.85387
0.2467
-0.81197
0.38715
0.78745
-0.72923
-0.69295
0.90559
0.048839
-0.96004
1.1828
-0.038376
-1.025
0.66537
0.7969
-1.0208
-0.3178
1.0656
-0.15241
-0.92422
0.88398
0.591
-1.1225
0.09886
0.96407
-0.52382
-0.61797
0.96523
0.25831
-0.76846
-0.09501
0.78584
-0.55141
-0.67884
-2.702
0.35819
1.8828
-1.6339
-1.4255
2.249
0.27931
-2.1917
0.24458
2.2645
-1.7051
-0.75951
2.2766
0.14878
-3.0451
0.64241
1.9584
-1.9663
-1.2418
2.6252
-0.29804
-2.5455
0.83287
1.8677
-2.2906
1.7189
1.0275
-2.4735
0.4374
2.34
-1.3055
-1.1474
1.7346
0.98235
-2.6496
-0.12242
2.5775
-0.93633
-1.1597
2.0689
0.86734
-2.1737
0.36306
2.1711
-1.3225
-1.2361
1.8508
0.93381
-0.20089
1.101
-0.060593
-1.0343
0.7692
0.64706
-1.1826
0.19122
1.3362
-0.41751
-1.1055
0.93276
0.56401
-0.70534
-0.29184
0.88448
-0.29391
-0.82904
0.65565
0.68017
-0.9044
-0.27345
1.1964
-0.57666
0.42859
0.59899
-1.0845
-0.47221
1.172
0.038516
-1.1214
0.79941
0.83233
-1.0376
-0.14072
1.0977
0.03249
-0.73525
0.032753
0.89128
-0.72111
-0.32622
1.0162
-0.27866
-0.81226
0.44441
0.77828
-0.91939
-2.82
0.83182
2.0014
-2.0922
-0.75871
2.3427
-0.35309
-2.0443
1.375
1.6913
-2.304
-0.43635
2.3617
-0.012753
-2.5901
1.4381
1.9307
-2.1314
-0.81278
2.6916
-0.31376
-2.2579
1.6158
1.5844
-2.0003
2.5126
0.62503
-2.3958
0.43521
2.3683
-1.8659
-1.534
2.7309
0.25252
-2.5682
0.7875
2.2231
-1.57
-2.0941
2.5156
0.5032
-2.8605
0.71259
2.5056
-1.8132
-1.3042
2.7477
0.26241
0.22233
0.12666
-0.28606
-0.042243
0.31511
-0.085556
-0.25518
0.21948
0.19215
-0.29942
-0.066558
0.32098
-0.18543
-0.057071
0.26447
-0.075185
-0.21887
0.13631
0.1769
-0.20586
-0.10794
0.21362
0.025194
-0.25579
0.16061
0.071779
-0.21649
0.017521
0.25658
-0.12529
-0.17298
0.21389
0.10498
-0.28154
0.038174
0.21474
-0.13655
0.03883
0.10719
-0.068983
-0.079729
0.10842
0.065847
-0.13102
-0.015703
0.14351
-0.01894
-0.14503
0.95924
0.081867
-0.99491
0.51008
0.81199
-1.0164
-0.29116
1.0976
-0.35003
-1.0998
0.68837
0.59932
-0.73981
-0.4363
0.80644
0.1152
-0.78742
0.32452
0.70994
-0.67653
-0.24408
0.89909
-0.095857
-0.87171
0.90791
-0.61007
-0.47529
0.97675
-0.0039895
-1.0404
0.46179
0.79366
-0.86105
-0.40363
1.0068
-0.00098532
-0.61458
-0.066439
0.69498
-0.463
-0.57528
0.79447
0.17601
-0.87654
0.23701
0.81823
-0.67935
-0.33028
1.5034
1.3486
-2.2336
-0.49986
2.4011
-1.2102
-1.9509
2.321
1.5238
-2.5913
0.014653
2.432
-0.96241
-1.7566
1.5717
1.2239
-2.0406
-0.22964
2.0552
-0.96929
-2.0079
2.0839
0.79507
-2.3295
2.4065
0.071565
-2.7296
1.154
1.889
-2.2821
-0.90837
2.3534
-0.46671
-2.6541
1.4814
1.3978
-1.6394
-1.1883
2.1425
-0.27567
-2.239
1.0001
1.6929
-1.7775
-0.69012
2.6405
-0.46402
-2.2389
0.19157
-0.23676
-0.067266
0.27248
-0.056843
-0.27517
0.21641
0.17498
-0.31399
-0.036409
0.37016
-0.14238
-0.17474
0.12279
0.069501
-0.16595
0.0080314
0.18369
-0.077311
-0.14239
0.17427
0.05311
-0.21023
-0.031348
0.059062
-0.23476
0.042437
0.27774
-0.18792
-0.17398
0.27515
0.043267
-0.30405
0.09017
0.27982
-0.19695
-0.11271
0.12096
-0.012608
-0.12927
0.067452
0.1356
-0.11055
-0.09474
0.17229
0.0023851
-0.18766
0.075784
-0.34065
-1.2761
0.81051
0.76731
-1.432
-0.46323
1.4962
-0.44166
-1.289
0.95601
0.74576
-1.4665
-0.33562
1.1911
-0.21902
-1.267
0.91155
0.65253
-1.2141
-0.15543
1.3502
-0.51394
-1.0816
1.0135
-1.1433
-0.49184
1.3236
-0.29936
-1.3257
0.83171
0.89505
-1.389
-0.20171
1.6078
-0.59909
-1.3345
0.96357
0.93636
-1.3062
-0.1984
1.5279
-0.23783
-1.1702
0.84822
0.77928
-1.3351
-0.20185
1.3961
0.028098
-0.67346
0.25176
0.54866
-0.50299
-0.3414
0.67534
0.045322
-0.64209
0.36801
0.47776
-0.52558
-0.40254
0.64957
0.092804
-0.86116
0.22864
0.72026
-0.64016
-0.39429
0.79734
-0.041312
-0.69559
0.44949
-0.34547
-0.587
0.61522
0.20351
-0.66157
0.16075
0.62977
-0.33095
-0.33219
0.52823
0.20411
-0.72276
-0.025697
0.82994
-0.33654
-0.65868
0.6761
0.23893
-0.76502
0.12857
0.6744
-0.44872
-0.39907
0.73402
2.2258
0.047411
-1.9712
1.0498
1.3534
-1.7429
-0.77837
2.2551
-0.44835
-1.7542
1.1082
1.3254
-1.7454
-0.96291
2.2392
-0.11697
-1.8758
1.0182
1.3979
-1.9037
-0.43519
2.2537
-0.24823
-2.0098
1.5054
-0.95479
-1.0615
1.7015
0.27333
-1.8566
0.68099
1.2306
-0.90881
-0.52345
1.6521
0.27472
-1.6373
0.23688
1.5065
-1.3573
-1.0742
1.7075
0.19358
-1.6341
0.62645
1.302
-1.1366
-0.83461
-1.4169
-0.86081
1.9491
0.028153
-1.7748
0.73511
1.4974
-1.7109
-0.97179
2.1514
-0.32372
-2.2482
0.8355
1.2958
-1.0382
-0.51389
1.4926
-0.28535
-1.6029
1.0598
1.1691
-1.52
-0.52022
1.891
-2.0451
0.34764
1.796
-1.1316
-1.4295
1.6569
0.36907
-2.1796
0.34779
1.6654
-1.322
-1.3111
1.9014
0.52451
-1.7002
0.28268
1.5956
-1.2563
-0.93326
1.8036
0.060184
-1.9743
0.85846
1.8029
-1.8128
2.0795
0.78213
-2.3674
0.057472
2.6144
-1.0937
-1.5306
2.1919
0.37114
-2.8481
0.39456
1.9991
-1.2416
-1.9564
1.88
0.89815
-2.6023
0.3699
2.5095
-1.7474
-1.5341
2.2562
0.25003
-0.53356
2.4868
-0.35869
-2.4299
1.6097
1.2216
-2.5242
-0.17502
2.3321
-0.8892
-1.671
1.6299
1.3611
-2.4646
-0.39551
2.4116
-0.68918
-2.0605
1.8017
1.5485
-2.4147
-0.21389
2.5277
-1.006
0.39945
-0.70901
0.024528
0.74308
-0.35721
-0.5483
0.65377
0.20053
-0.73984
0.22407
0.60661
-0.47657
-0.50595
0.34018
0.51064
-0.60714
-0.17774
0.71931
-0.17771
-0.59368
0.53493
0.29477
-0.77878
0.049005
0.0044899
-0.6821
0.42966
0.49626
-0.68746
-0.097434
0.71768
-0.24351
-0.57636
0.57807
0.26489
-0.58996
-0.35676
0.61578
0.14776
-0.67955
0.26864
0.61502
-0.55086
-0.28319
0.69926
-0.087879
-0.71708
0.47488
-0.77915
-0.26875
0.92099
-0.12707
-0.84365
0.52601
0.58972
-0.83924
-0.19965
1.0064
-0.32106
-0.83333
0.61292
0.41134
-0.72461
-0.11106
0.75213
-0.27966
-0.66609
0.61336
0.43253
-0.83192
0.011205
0.85112
-0.86679
0.27735
0.76611
-0.6781
-0.47145
0.84434
0.079183
-0.97015
0.34607
0.77574
-0.76567
-0.36128
0.79142
-0.0097614
-0.76772
0.29731
0.62768
-0.69756
-0.32119
0.79247
-0.073263
-0.80963
0.45247
0.55024
1.8295
-0.81994
-1.3525
1.5325
0.54553
-1.8539
0.21003
1.6541
-0.97249
-1.207
1.5173
0.544
-1.8263
-0.064374
2.0271
-0.81026
-1.6537
1.6757
0.71033
-1.9708
0.27558
1.8183
-1.1544
-1.1995
1.2294
-1.4511
-0.44434
1.8478
-0.35446
-1.7223
1.0846
1.0094
-1.5628
-0.17935
1.6476
-0.42676
-1.8455
1.0744
1.1954
-1.6744
-0.49659
1.8493
-0.40589
-1.7798
1.2461
0.92903
-1.8574
-0.25578
-0.99541
0.94366
0.54587
-1.2221
-0.0031281
1.2528
-0.51768
-0.92279
1.0506
0.48304
-1.2347
0.13722
1.1461
-0.63236
-0.87576
1.0992
0.43337
-1.2326
0.20304
1.1763
-0.71365
-0.82751
1.0278
0.31727
-0.29697
0.92754
-0.21845
-0.84918
0.59937
0.62086
-0.81686
-0.17789
0.97756
-0.26871
-0.78245
0.6837
0.52582
-0.76439
-0.14875
0.88878
-0.27531
-0.7208
0.62472
0.49613
-0.85182
-0.031893
0.89002
-0.37028
-0.55294
-0.015351
0.54897
-0.25746
-0.45009
0.49784
0.23546
-0.59921
0.10163
0.56156
-0.33833
-0.36139
0.50038
0.067492
-0.56252
0.12706
0.44005
-0.34856
-0.2964
0.47594
0.06972
-0.613
0.1974
0.52718
-0.66457
0.25801
0.50366
-0.45286
-0.31907
0.63686
0.0077164
-0.68565
0.32193
0.52152
-0.57113
-0.21535
0.59318
-0.11993
-0.52882
0.34344
0.39222
-0.5168
-0.11423
0.6293
-0.12324
-0.55827
0.37759
0.40261
0.64574
-1.2528
-0.0083328
1.2284
-0.54028
-0.93003
1.1334
0.45745
-1.3409
0.18179
1.1571
-0.75212
-0.92459
0.72836
0.70757
-1.157
-0.089352
1.1752
-0.61884
-1.039
1.0198
0.47947
-1.2483
0.19819
-0.062237
-1.1894
0.63029
0.83847
-1.1535
-0.23807
1.2147
-0.36212
-1.0613
0.9663
0.62621
-1.2087
-0.3935
1.1854
-0.0051471
-1.1486
0.52741
0.88822
-1.0015
-0.33628
1.3105
-0.32085
-1.1554
0.85037
-0.95535
1.3479
0.32424
-1.5565
0.42401
1.3496
-1.0267
-0.81762
1.4661
0.084929
-1.3897
0.74022
1.3336
-1.091
-0.8824
1.4074
0.10799
-1.605
0.63118
1.305
-1.178
-0.56036
1.399
-0.031105
-0.00079565
1.5711
-0.83454
-1.2895
1.394
0.52312
-1.5799
0.2102
1.5491
-0.82271
-1.1091
1.3083
0.55699
-1.5718
0.19585
1.7146
-0.87261
-1.0931
1.3178
0.44241
-1.7078
0.43617
1.4927
-1.0344
-0.25666
-0.16823
0.42448
-0.012208
-0.41364
0.21662
0.34173
-0.48343
-0.13083
0.53775
-0.15415
-0.43736
0.18384
0.29601
-0.15285
-0.19942
0.26382
0.063327
-0.35027
0.14995
0.25625
-0.30092
-0.11777
0.36413
-0.51041
0.14741
0.47362
-0.4201
-0.31776
0.57055
0.028312
-0.62139
0.27808
0.48102
-0.5801
-0.26071
0.40029
0.1216
-0.3944
0.058034
0.3787
-0.27152
-0.25153
0.45027
-0.0053823
-0.47926
0.18647
0.40091
-1.4985
-0.33197
1.5177
-0.39948
-1.2902
1.0696
0.76543
-1.4452
0.012817
1.4384
-0.76973
-1.1675
0.95276
1.0966
-1.609
-0.34992
1.6859
-0.60018
-1.423
1.1928
0.8529
-1.4806
0.024194
1.4621
-1.5279
0.59931
1.0839
-1.0701
-0.62439
1.3697
-0.10218
-1.2281
0.79247
0.90184
-1.2658
-0.3871
1.4875
0.13732
-1.6789
0.6718
1.2633
-1.1872
-0.6553
1.6514
-0.1643
-1.4867
0.99389
0.92868
-0.57027
-2.0213
1.8081
1.3373
-2.2672
-0.056564
2.534
-0.98461
-1.8794
2.1358
0.96299
-2.4003
-0.066063
2.1998
-0.78714
-1.9088
1.7764
1.0771
-2.0792
0.051888
2.3498
-1.0977
-1.8811
1.8952
-1.6228
-1.1583
2.1215
-0.057146
-2.2988
1.1343
1.5864
-1.9854
-0.72163
2.2754
-0.4765
-2.1534
1.0828
1.7128
-1.6421
-0.84123
2.213
-0.23214
-2.1726
1.3256
1.5291
-1.9657
-0.55363
2.2086
