-1.1905
0.029217
2.6167
0.7891
-4.8131
-0.65264
1.3961
-2.9412
-2.065
1.5392
0.10377
-0.60447
4.0038
2.4821
2.7226
0.61969
0.44989
2.441
0.99265
-0.50622
3.2139
0.85313
-0.32055
3.5072
-0.80616
2.2246
-0.80728
0.50979
-1.6248
0.23394
0.35056
-0.63612
1.2256
1.1627
0.43763
-2.9486
-4.6978
0.68476
-0.40782
-1.4168
2.0674
2.9101
1.8543
-3.6254
1.3503
0.99058
-0.04736
-1.7383
-0.79103
-0.68531
0.41682
2.0365
-4.073
0.047837
-0.079226
-2.9267
0.48101
0.14411
-0.23284
0.58042
-0.038511
0.83183
-0.77671
-1.5241
-2.5139
3.307
0.36613
-1.9504
-0.33598
-1.2866
-0.71099
0.46288
-2.2279
0.54146
0.79023
-1.1267
-1.1588
0.2282
-0.59263
-0.88043
-0.19524
0.52381
-1.4387
-3.0069
3.422
2.1008
-1.1726
-2.1088
1.0674
-0.9709
-1.751
-1.3299
1.2691
-0.03753
1.7249
0.11049
-1.801
1.6752
0.46884
-2.8879
-1.7263
0.13914
-3.9594
0.21212
-2.0404
-1.0752
0.53814
0.65551
-0.13523
-2.2743
0.434
0.42426
-0.44397
-1.0324
0.6197
-0.66037
0.20241
-2.9738
0.95511
-0.84754
0.98802
2.361
1.9773
-0.94671
0.87487
-1.8115
-1.2658
1.2306
0.19331
-2.7878
-4.0541
-0.3026
3.5101
-1.0386
-2.3457
3.089
-0.70679
-0.87792
4.0452
-1.1821
-3.2396
-0.88203
1.5495
-0.098648
2.4737
-3.2594
0.17711
-0.5685
-1.1654
1.9768
1.5361
-0.030701
0.81988
1.9774
0.57754
-2.197
-0.50248
-0.44109
-1.2766
-1.8797
-0.079943
0.23453
-0.95664
-0.13571
0.1553
3.3025
-1.2944
1.3871
-0.93068
-1.9049
-0.18411
0.65809
-0.52397
1.5174
2.738
-0.59668
-1.4135
1.7753
1.8087
-0.60031
-1.0907
1.14
0.19785
-2.3457
-0.83038
2.3627
-0.66774
-0.3928
0.48023
-0.25152
-0.45333
3.0478
-0.21051
-1.1944
-0.88934
5.3555
3.1884
-7.5241
1.6632
-0.07024
-3.6327
-2.1516
-1.473
-2.5901
0.11622
0.26666
2.549
-4.6212
-0.79596
0.36879
-0.28069
-0.74933
0.34867
0.75474
-1.8227
-4.6856
1.399
-0.75441
1.2834
3.4805
1.1212
2.0957
-0.16156
-1.7529
-6.1672
3.1247
0.34896
0.69181
2.5094
0.64264
1.2533
-3.2379
3.1305
-0.026692
1.2629
-0.202
4.557
-4.8814
4.7088
2.0577
0.57154
0.45917
0.27862
-1.5379
1.2704
2.5382
-0.56689
-0.8914
0.20099
0.552
-0.39478
2.1448
1.1664
-0.99605
-0.0773
0.51186
-0.9344
-1.242
0.88121
0.02137
-1.5725
0.73922
1.585
0.61251
-0.059724
0.0091761
-1.0554
-0.96686
2.1364
0.068816
0.0041054
1.613
-0.60657
-0.11798
0.21291
-0.13949
0.26188
-1.7524
1.8552
1.5032
-0.35443
-0.56848
0.90718
-0.35447
-1.2664
1.3009
1.8145
-0.35324
-0.76876
2.0345
0.77719
-4.8904
3.5107
1.3293
-3.1943
-0.76176
-1.2444
0.85814
-0.27327
-1.7867
3.8152
2.0817
-5.0628
3.1839
-0.78484
0.77482
-0.62908
0.39575
-2.331
0.88076
4.7306
0.81895
-0.91868
2.1755
-2.7887
-3.9711
1.0613
-2.5656
1.4493
2.5359
-0.13067
0.095832
-1.5024
0.64655
-1.6178
-4.5477
1.3709
0.38261
-0.73963
0.3686
1.6502
-1.0771
-1.8526
-1.7079
1.7234
-1.3402
0.24204
-0.22014
1.53
0.86186
-0.30559
0.78818
0.26192
-0.61028
-0.3565
0.96802
0.31539
0.45875
-1.6391
0.019716
0.76039
0.74079
0.46799
0.062796
-0.77086
1.5294
1.0952
-0.55395
-0.68088
-1.5863
-0.38087
-1.3658
-0.58546
0.76885
0.2555
-1.7767
1.428
-0.36969
-0.061171
0.58478
-0.55398
-1.3236
-0.30212
-0.68502
-0.95871
0.50398
0.90461
0.21202
-0.23848
1.7344
-0.11407
-0.36545
1.0264
0.10257
0.63437
-0.0072706
-2.6517
-0.054501
-2.2099
-1.6695
4.574
2.1845
-0.66353
-0.090356
2.7318
-2.1222
3.4874
3.85
-0.51796
1.7192
2.1044
-0.32093
0.48511
-1.8431
-0.60279
-1.1901
-0.82483
-0.5305
-1.6392
-2.0245
1.2226
0.79851
-1.9735
-0.13426
0.71572
-0.49192
-1.2506
3.9548
-2.7877
-0.40572
1.5061
0.68398
0.47731
-2.4556
4.0658
-1.3509
-2.8543
-0.86535
1.4875
-1.6716
-0.38006
-2.6513
-0.35279
0.24707
-0.41253
-0.16789
-0.3947
-0.1468
-0.13697
-0.22855
0.66325
-0.43199
-0.19189
0.68851
0.1301
0.093888
-0.52681
0.29673
-0.82832
-0.68801
0.62633
-0.21688
-0.60272
0.36688
0.24339
-0.086531
0.047483
-0.58364
-0.39311
0.11227
0.67403
-0.27202
-0.50336
-0.087033
-0.058319
-0.27121
0.12384
0.50199
0.32463
-0.16759
-0.35507
-0.32319
-0.52352
0.73569
-0.15128
-0.65711
-0.23395
0.50341
0.77508
-0.37243
2.0632
-0.17661
-0.80533
1.0872
0.848
-2.1026
-0.69529
1.5353
-0.3216
-0.48842
-0.7663
0.15764
-2.5403
-0.64659
-0.44155
-1.8246
0.23389
1.4713
0.075155
0.81502
0.41907
0.73199
-0.045111
0.33621
-0.053512
-1.5049
-1.2943
-0.66786
-0.49254
-0.50002
-0.17448
-0.57188
-1.5502
-1.54
0.41658
-0.61511
-1.4596
0.42147
0.26257
-2.1671
0.026263
2.7268
0.55062
-1.0388
1.6131
1.8808
-2.2549
-0.70752
0.30655
0.38896
-0.67985
0.731
0.12043
-0.85342
-0.13866
1.5661
-0.14142
-0.63603
0.77809
0.38083
-0.91816
0.061155
0.44398
0.64629
0.042594
0.78673
0.33224
-0.33388
0.16825
0.39105
-0.24025
0.14175
0.46879
-0.80587
-0.46849
1.4076
-0.067562
-0.19337
0.66999
1.0296
-0.2902
-1.1667
1.2454
0.14928
-0.31174
0.29472
0.47952
0.14531
-0.19542
0.45295
-0.16361
-0.53625
-0.37473
0.78404
0.13984
0.091968
1.019
-1.8047
-2.7279
1.0001
0.3498
-0.71498
0.72926
2.1167
-1.3358
-1.8659
1.3851
0.96462
-1.3079
-0.3327
0.49255
0.083483
-0.28144
1.4683
1.3288
-2.2003
-0.79344
2.3625
-0.60711
-1.6672
0.08196
-1.3322
-0.63942
2.3417
0.11521
-0.63079
0.65847
0.73375
0.20802
-0.35623
0.15081
-0.81069
-0.80173
-0.34845
2.0543
0.079689
-1.7272
1.1687
-0.23232
0.23759
0.42646
1.2141
-1.6458
-0.44268
0.78925
0.37062
0.49984
1.48
0.75597
-1.9923
0.56916
1.452
-1.1976
0.82733
1.5606
-0.026922
-0.97711
-0.43837
-0.035838
-1.9468
-0.55752
3.0796
0.41532
-0.53576
0.0026402
-0.45386
-1.5415
-1.6113
0.45028
-2.4011
1.5735
1.6418
-0.72267
-1.2486
1.1177
-0.057318
-1.4963
1.4083
0.43534
-0.7844
-1.7438
0.51576
0.59474
-3.1711
1.0563
2.0231
-2.8387
-0.85379
0.66654
-1.1571
-1.4433
0.58878
-1.1515
-0.28592
0.47382
-0.057116
-0.7774
0.45708
0.72982
-0.93627
-0.8423
1.1411
0.15294
0.84368
0.79815
0.34078
0.46964
-0.082355
0.64233
-1.2888
-0.44193
-0.13007
1.134
-0.78825
-0.99802
0.6571
-0.58224
0.42789
1.47
-0.47808
-0.4321
0.86341
1.0205
-1.5986
1.3062
1.2127
-1.7107
0.45732
1.6964
-1.0142
-0.92122
0.035844
1.0667
0.1682
-0.50161
1.5556
0.059754
-0.10323
0.41651
0.21868
2.6885
1.7784
0.44449
-1.5085
-0.0068992
0.91594
-1.0367
2.1143
-0.23103
-1.3375
-1.4039
3.2708
0.84011
-1.6638
-1.5753
1.6536
-0.27549
-1.4539
2.0066
-2.9978
0.28131
-1.4698
1.9461
-3.3566
-0.022048
2.2307
-2.725
0.15023
1.2154
1.0495
0.32947
0.42376
-0.27779
-2.2773
-0.65934
2.3606
-0.3162
-1.0277
1.1058
-0.18898
-0.92077
1.4165
1.2871
1.3017
-1.2826
-0.43098
-0.8604
-0.49845
1.2268
-0.29604
-0.44187
0.51615
1.3804
-0.76082
0.16576
0.84875
0.26857
-1.6123
1.2049
-0.20918
-0.65944
-1.3212
1.1945
-0.24421
-0.95261
0.064348
1.9091
0.10642
-0.086719
0.88766
1.5636
-1.2523
1.0254
-0.86334
-0.65103
0.13097
0.2119
-1.2054
-0.24178
1.3622
-1.195
-0.53308
1.0417
1.0685
-0.8897
0.18411
1.0974
-1.3727
-0.30065
1.0199
-0.49793
-0.99173
-0.11076
0.91113
0.171
-0.15409
0.40543
1.6861
0.22177
-2.115
2.0383
1.8402
-0.24929
-0.88917
0.81355
1.5263
-1.7327
0.39717
1.8716
-1.3742
-0.68116
1.3269
1.0025
-2.9392
-0.99918
1.8347
-1.2063
-0.24439
1.5537
1.268
-0.90867
3.1666
-0.34751
0.61192
3.1615
1.2735
-1.1949
-0.52523
2.2262
2.4763
-2.0206
2.5899
0.65989
-0.92366
-0.64482
2.3971
-1.0592
-2.662
0.080877
1.6777
-3.3044
-0.034539
0.72931
2.1552
-1.2175
4.413
0.57281
-2.7451
1.8196
-0.051967
-1.786
-2.1611
3.4358
1.1152
-0.93137
0.36415
4.2696
1.3425
-2.8551
0.75861
1.7365
-1.8636
1.3029
-0.20988
-1.5586
-1.2663
1.8213
1.3299
-2.4864
2.2664
-3.0054
-3.492
2.0566
3.2838
-4.7308
-1.9553
0.8631
-3.2049
-2.9051
1.5348
2.6381
-4.4913
0.48665
1.9027
-0.0020681
-2.6897
1.1188
3.9501
-4.0935
-1.1253
1.2345
-2.034
2.1305
0.72419
-4.0482
1.7539
-0.39714
-0.61086
0.11686
2.8031
-1.7137
-0.83364
-0.56491
-1.1858
-0.86493
-2.6539
1.4795
0.66691
-1.9843
0.75431
3.0251
-1.7561
-0.35636
1.2021
-2.2292
-3.1395
0.98026
-1.2708
2.5987
4.3869
-1.3713
-3.5032
2.2619
-1.2077
-0.45042
-0.38419
1.9122
-2.0337
0.51396
2.2374
0.82703
-2.3544
-0.87582
4.0021
-3.9627
0.10568
1.7696
2.1646
-2.2007
0.2938
-1.3642
0.57333
1.572
-0.57796
-0.92868
1.1553
0.49641
-1.5903
-0.69582
0.50983
-0.19047
-0.49568
1.0723
1.3702
-1.6611
0.27054
0.75329
-1.1727
-0.50008
0.96842
1.0142
-0.27879
-0.29048
1.8854
-1.1978
0.17479
1.5546
-0.84876
-0.38023
1.4482
0.36543
-0.69974
0.54649
0.38671
-0.070503
-0.93634
1.4371
-0.2837
-1.1199
0.37483
1.3642
-0.67776
-1.0952
1.5592
0.23852
-1.1939
0.73765
0.12948
0.2273
-0.40378
0.47057
-0.1032
0.036886
0.33316
0.56604
-0.13271
-0.22885
0.097476
-0.0045238
-0.97796
-0.018109
0.57015
-0.29383
-0.76063
0.14106
0.25544
-0.68544
0.25092
0.78229
-0.65658
-0.6377
1.1171
-0.47981
-0.47733
1.1769
-0.30865
-0.58753
0.52033
0.45451
-1.2035
0.18813
1.6787
0.076211
-0.88914
-0.044816
0.59287
-0.25207
-0.17731
0.45037
-0.32206
-1.0318
0.37728
0.14945
-0.37245
-0.23632
1.0569
0.30163
0.39771
0.037821
-0.42243
0.13535
0.22097
-0.10283
0.14667
0.52551
-0.050488
-0.36685
0.31498
-0.19741
-0.69125
-0.13862
0.3014
-0.18123
-0.31327
0.58459
0.16894
-0.45513
0.062724
0.68197
-0.10378
0.16597
0.31473
-0.53368
-0.35075
0.17631
-0.0274
-0.29396
0.036433
0.11227
-0.60798
-0.024136
0.27618
0.13887
-0.63768
0.42724
0.21649
-0.35706
-0.041847
0.52255
-0.39197
-0.21845
0.36656
0.2313
-0.59066
-1.0316
0.004453
2.2218
-1.5308
-0.036839
1.4035
0.4986
-2.5554
2.2197
0.049105
-1.3394
-0.1988
1.1829
-0.78337
-0.99502
0.95867
2.3068
-1.6259
-0.99305
1.8152
-0.19802
-0.99631
0.9693
0.59599
-3.1955
1.8964
-0.029252
-1.7198
0.87348
1.2427
-0.42387
-0.89512
1.5038
1.1162
-2.9372
1.0408
0.53673
-1.8198
-1.9519
2.8961
-0.15615
-1.573
-0.12467
2.4199
-1.3961
0.12856
0.49787
-0.039045
-1.1634
0.64461
0.17872
-0.48034
0.050677
0.82804
-0.42307
-0.48423
0.43052
-0.064153
-0.51646
-0.2453
0.66808
-0.062132
-0.98591
0.18179
0.5339
-0.62554
-0.2298
0.63103
-0.43447
-0.47209
0.21975
0.56303
-0.59525
0.922
-0.077209
-0.57733
0.45517
0.099492
-0.6553
-0.043536
0.40373
-0.18357
-0.64321
0.62555
0.76622
-0.55266
-0.49942
0.40007
-0.093391
-0.75615
-0.23888
0.7386
-0.46859
-0.27799
0.60173
-0.28132
0.67137
-0.32091
-1.4824
-0.419
0.91648
0.70078
-1.6701
2.1658
0.58551
-1.7729
-0.42045
1.3723
-0.57807
-0.84544
0.82433
0.70276
-1.1419
0.096272
2.3733
-0.70395
-0.18849
1.0651
-0.86166
-2.0455
0.95659
0.29154
-0.36612
0.5395
0.30759
-1.6581
-0.92705
1.0006
-0.79642
-2.3391
0.78838
2.0986
-1.1568
1.0508
2.7015
0.42104
-0.93731
1.153
1.4516
-2.1181
-0.53717
1.8804
-0.23853
-1.2811
0.57565
-0.41526
-0.49111
0.21236
0.72222
-0.34132
-0.12581
0.8199
0.10227
-0.90046
0.47794
0.090029
-0.49086
0.010711
0.4447
-0.14299
-0.35295
-0.40587
0.2173
-0.26343
-0.57994
0.3447
0.26904
-0.59532
0.16257
-0.20767
-0.9999
0.50966
0.61631
-0.92496
-0.59803
0.66889
-0.51966
0.10222
0.67656
-0.045722
-0.51093
-0.05973
0.60564
0.16597
-0.47362
0.24442
-0.23914
-0.32844
-0.15042
0.61606
-0.45712
-0.35935
0.00027624
-0.019831
-0.049623
0.051228
-0.11847
-0.34295
-0.015661
0.092766
-0.21935
-0.35456
0.32614
0.015838
-0.24272
0.24783
0.11562
-0.2029
-0.015459
0.12294
-0.11742
-0.017028
0.089133
0.017537
-0.26594
0.13665
0.11073
-0.10837
-0.018333
0.16166
-0.1745
-0.18767
0.12363
-0.033062
-0.056533
0.050619
0.17596
-0.27197
-0.019232
0.57531
-0.013189
-0.15193
0.23438
0.01916
-0.27713
0.12002
0.32776
-0.090763
-0.10974
0.17074
-1.3688
-0.89789
1.2968
-0.50637
-0.74578
0.41512
0.17209
-1.6996
-0.58973
0.69088
-0.34127
-0.98142
0.98475
0.80126
-1.3298
0.36037
1.0776
-0.51933
-1.177
1.0914
0.84693
0.064344
-0.25414
2.0691
-1.472
0.78955
0.96143
-0.38924
-0.31648
2.0569
0.59511
-1.0841
0.19766
0.38676
-1.9119
-0.22654
2.3863
0.33597
-1.6507
0.43657
0.60578
-1.1688
-0.44652
1.497
0.45926
-1.325
1.1432
0.71533
-0.38852
2.9238
-1.3441
-0.041884
0.81338
-0.25847
-2.506
-0.32059
2.3688
-0.30749
-1.8843
1.3656
0.40936
-1.9792
-0.31532
0.46859
-0.14542
-1.4769
1.0825
0.93455
-1.2153
-0.20512
-0.23904
-0.88861
0.7937
1.3049
-1.4304
-0.16944
1.7643
-0.42367
-1.5078
1.5193
0.85957
-1.188
-0.76248
1.0319
1.0651
-2.1158
1.6239
1.1884
-1.1361
0.071746
0.96198
0.44874
-1.8174
1.3734
-0.11311
-2.1068
-0.87333
-3.3529
1.1469
1.4297
-2.095
-0.70691
3.5937
0.068152
-2.9378
1.2045
2.3591
-2.5108
-0.87574
2.2345
0.54871
-2.7169
1.2404
2.752
-1.9777
-1.4651
3.3567
-0.2138
-3.2805
0.43689
-2.0317
-1.5414
1.3554
0.56605
-2.8441
0.11086
2.8115
-2.1048
-0.84914
2.6713
1.2662
-3.5595
0.38621
2.1782
-1.8127
-0.86074
3.0537
-0.62729
-3.7088
0.026505
1.4813
-1.1873
-2.6733
3.0026
-0.77967
-0.70058
1.865
-0.085217
-1.2395
0.32743
1.3492
-0.51408
-0.81193
1.643
0.029718
-2.2157
0.52266
1.1885
-1.5066
-0.82383
1.6986
0.72189
-1.3869
0.48267
0.62219
-1.2672
-0.86788
1.6026
-1.0085
-0.52282
1.3208
-0.6231
-1.0711
1.1714
0.91371
-1.6829
-0.019607
1.5599
-0.6684
-1.1475
0.74264
1.0492
-1.392
-0.030529
0.93068
-0.94825
-1.2639
0.47821
0.63289
-0.90495
-0.1134
1.0205
-0.60815
-2.1759
1.7417
1.3202
-2.7945
-0.076221
1.8756
-2.6376
-1.3484
1.6776
0.64274
-2.7756
1.2015
3.4286
-1.8137
-1.1655
3.1859
0.63141
-3.2191
-0.34586
3.2046
-1.5821
-2.2857
1.8006
-2.4303
-0.91388
2.465
0.24719
-1.9234
1.7412
2.7544
-2.7231
-0.99988
1.9482
-0.97102
-2.3955
3.0081
0.65279
-2.1292
-1.4111
2.2902
-1.6099
-2.3658
2.3223
2.2719
-2.7351
-0.13987
2.1016
0.87212
1.6657
-1.1328
-0.65713
2.6635
-0.36158
-0.93673
0.70038
0.77146
-1.8901
0.10165
1.5631
-0.75825
-1.0662
0.20471
1.1931
-1.0712
-0.26254
1.2758
-0.14561
-1.6642
0.72575
0.8944
-1.2972
1.7736
-0.07204
-1.8198
0.36933
1.458
-0.95735
-1.3033
1.7027
0.56378
-2.1047
0.59086
0.8323
-1.1967
-1.203
0.88836
0.017659
-1.1272
0.65066
1.411
-1.7175
-0.65298
1.7876
0.0095057
-1.6011
-1.3411
1.404
0.28857
-1.2203
0.25661
1.689
-0.59958
-1.5055
1.4927
0.049383
-1.1772
0.4856
1.404
-0.099603
-0.97405
0.87254
0.71926
-1.2523
-0.037319
1.4251
-0.63132
-1.1544
1.5743
0.62058
-0.82704
1.5447
-0.77123
-1.4007
0.66052
1.0129
-1.3997
-0.31776
1.4451
-0.51835
-2.3879
1.0838
1.2414
-1.1695
-0.70423
1.4928
-0.33145
-1.9771
1.1397
1.478
-1.44
-0.047624
1.769
-0.36204
-0.15999
-0.99489
0.48359
0.26047
-0.76105
0.032358
0.88825
-0.21663
-0.47089
0.60809
0.38153
-0.63544
-0.00057001
0.85589
-0.63797
-0.62848
0.54499
0.28197
-0.93082
-0.32169
0.89919
-0.49794
-0.65753
0.4621
-0.37965
-0.2444
0.85728
0.20734
-0.77707
0.19058
0.87161
-0.2493
-0.23061
1.0583
0.036942
-0.75073
0.28736
0.69685
-0.36132
-0.28638
0.89587
0.06039
-0.78122
0.12756
0.63866
-0.30356
-0.44524
0.83182
-0.79661
1.0186
1.0282
-1.8534
-0.2765
1.2777
-0.70137
-1.5253
1.0508
0.47578
-1.8754
0.17337
1.4953
-0.092284
-1.4319
1.0093
1.3173
-1.3829
-0.018194
1.4675
-0.42207
-0.78148
0.9798
0.80977
-1.5723
1.9788
-0.18264
-2.3889
0.10839
2.0612
-1.1743
-0.66707
2.3785
-0.34373
-2.1364
0.61588
1.2683
-0.31755
-1.3989
1.7579
0.25563
-1.5971
-0.024424
0.9099
-1.6774
-0.40715
1.8892
-0.12599
0.76788
0.0031199
-1.0191
0.0040915
0.89247
-0.34345
-0.67103
0.93633
0.12503
-0.97455
0.51216
0.5788
-0.74079
-0.78146
0.6624
0.088723
-1.015
0.21974
0.84219
-0.49185
-0.75738
0.84221
0.003623
-0.89664
0.90085
-0.72137
-0.54067
0.70309
0.408
-1.2559
-0.015181
0.65599
-0.58572
-0.8686
0.81459
0.39905
-0.8408
-0.087456
1.0347
-0.39859
-0.28716
0.57649
0.55104
-0.86517
0.079885
0.82366
-0.44288
-0.55036
-0.76806
1.1623
-0.1866
-0.49252
0.85354
0.64929
-0.60801
-0.64244
1.3909
-0.69099
-0.53775
0.2692
0.67946
-1.1588
-0.9456
1.4604
-0.23123
-0.83983
0.81877
0.9143
-0.94916
-0.28799
1.4987
-0.3425
0.20468
0.54284
-0.61616
-0.58353
1.3056
-0.15087
-1.125
1.0599
0.25702
-0.66614
-0.41127
1.2326
0.1868
-0.94729
0.5244
0.93376
-0.98289
-0.66585
1.1668
-0.093556
-1.0485
0.37948
0.70851
-0.90787
0.28471
-0.51832
-0.13506
0.40055
0.097695
-0.75981
0.2035
0.39334
-0.36649
-0.11431
0.59373
-0.11432
-0.21774
0.80616
0.15077
-0.40616
0.076655
0.43047
-0.24472
-0.39663
0.35437
0.2685
-0.82761
0.27591
0.091481
-1.1534
0.57939
0.8575
-1.3506
0.27686
0.58424
-0.19467
-0.74236
0.81915
0.54227
-0.84368
-0.29679
0.834
0.074923
-1.6842
0.56923
0.78192
-0.95499
-0.19742
1.2843
-0.61016
-0.86409
0.13537
2.1562
-0.99422
-1.815
1.8074
0.75587
-2.168
0.39311
2.2571
-0.90884
-1.2091
1.9509
0.52311
-1.8248
-0.030343
1.8038
-0.74447
-1.311
1.3111
0.0019768
-1.9051
0.6082
1.8035
-1.4506
-1.1526
1.5057
-1.9386
-0.64295
1.8141
-0.12355
-1.7885
1.0499
1.6611
-1.6321
-0.25811
2.2488
-0.27043
-1.502
1.1105
1.4368
-1.889
-0.40518
2.2952
-0.88316
-1.8164
1.7217
1.0532
-1.977
-0.53066
-1.1338
2.0921
0.33417
-2.1401
1.0309
0.99365
-2.1641
-1.0428
1.9768
0.051733
-1.7055
1.5839
1.4568
-2.1244
-1.6397
2.4197
0.1086
-2.6321
0.52357
1.5784
-2.2336
-0.76599
1.8975
-0.32675
-0.088264
2.1022
-1.3757
-1.3358
2.5709
1.0681
-2.0936
-0.12044
2.0678
-1.255
-1.6576
2.1894
1.0811
-1.929
0.18616
2.2656
-1.4329
-2.0249
2.5132
0.8746
-2.0484
0.90315
1.9378
-0.82458
-1.1076
-1.2029
1.9175
0.25264
-2.068
0.78032
1.8428
-1.8325
-0.71802
2.2918
-0.11613
-1.8409
1.1079
1.9491
-1.4719
-1.226
2.0329
0.040924
-1.9052
0.81628
1.0526
-1.5955
-0.9046
2.4574
-1.8549
-0.11989
2.5518
-1.0634
-1.4898
1.5896
0.378
-2.183
0.15979
1.9976
-1.1663
-1.4456
1.8177
0.81416
-1.7283
0.32163
1.8839
-1.2404
-1.5307
2.0212
0.45466
-2.3238
0.36927
1.9673
0.21759
-0.67911
-0.022477
0.82907
-0.36739
-0.5494
0.65958
0.042835
-0.77617
0.051391
0.63872
-0.47719
-0.49816
0.55905
0.57973
-0.78091
0.10044
0.70408
-0.45748
-0.69488
0.79096
0.18926
-0.7353
0.10967
0.0063432
-0.79394
0.43643
0.45617
-0.82253
-0.25773
0.65793
-0.34159
-0.55017
0.62384
0.25041
-0.66117
-0.052413
0.71572
0.12126
-0.83763
0.45662
0.49868
-0.8904
-0.30255
0.78703
-0.24936
-0.71575
0.6459
-0.29198
-2.0029
1.4387
1.1703
-1.6746
-0.17833
1.9217
-0.65307
-1.5975
1.2537
0.66409
-1.6515
-0.20076
2.0683
-0.51017
-2.2283
1.0409
1.1147
-1.9848
-0.3815
2.0841
-0.72846
-1.4833
1.7436
-1.6584
-0.76317
1.8262
-0.055319
-1.974
0.97422
1.6552
-1.8097
-0.85571
1.533
-0.49551
-1.9658
1.0116
2.0018
-1.8245
-0.82518
1.8683
-0.21624
-1.8768
0.72011
1.6931
-2.1333
-0.45749
2.0665
0.93022
-0.064672
-0.72969
0.60263
0.71354
-0.7568
-0.19482
1.0106
-0.65869
-0.79804
1.1749
0.56187
-0.67474
-0.22327
0.71236
0.0074838
-0.54395
0.39688
0.47399
-0.56134
-0.24723
0.77128
-0.25279
-0.65213
0.67479
-0.76566
-0.25782
0.92181
-0.064484
-0.92889
0.75156
0.57362
-0.92381
-0.00054378
1.1904
-0.2656
-0.55212
0.13778
0.60437
-0.37177
-0.21671
0.49698
-0.033467
-0.47877
0.27702
0.63568
-0.67159
-0.2711
-1.4166
0.52572
0.97474
-1.0002
-0.41768
1.3906
-0.38472
-1.2204
1.2373
0.6908
-1.502
-0.21899
1.329
0.25993
-1.3804
0.56462
1.2592
-1.0996
-0.47342
1.2424
-0.46663
-1.1156
0.71007
0.95098
-1.1816
1.3951
0.16043
-1.5863
0.39172
1.2868
-1.0281
-0.71631
1.1279
0.074778
-1.5207
0.65102
0.93173
-0.94195
-0.71283
1.377
0.045196
-1.4973
0.35944
1.1133
-1.0346
-0.59081
1.733
0.026884
0.64857
-0.82958
-0.13564
0.8451
-0.075709
-0.82031
0.63267
0.55761
-1.2496
-0.30473
1.1797
-0.22965
-0.95562
0.87231
0.32519
-0.9941
0.16957
1.0899
-0.42337
-0.79638
0.87692
0.22629
-0.89554
0.021028
-0.031394
-0.98078
0.63801
0.69467
-0.71519
-0.47194
1.0068
-0.023993
-1.0824
0.4202
1.2418
-0.97882
-0.28651
0.89337
-0.40325
-0.72228
0.70281
0.63311
-1.063
-0.23419
1.1034
-0.4052
-0.86927
0.68423
0.1969
2.0279
-1.3402
-1.5053
2.0209
0.6984
-2.1925
0.22193
2.4012
-1.3385
-1.8217
2.0732
0.25111
-2.9163
0.63858
2.2027
-1.5131
-1.7211
2.5076
0.83234
-2.4455
0.63496
1.9217
-1.4828
1.7259
1.3681
-1.4854
-0.43382
2.711
-0.39815
-1.4359
1.8473
0.62057
-1.7311
-0.035968
2.7449
-0.5851
-2.3196
1.8608
1.2044
-2.2819
-0.49801
2.5249
-1.1287
-2.056
2.1367
1.0216
-2.3345
1.111
-0.098109
-1.0413
0.74865
0.8803
-1.1538
-0.35592
1.3928
-0.39451
-1.1775
0.82493
0.67578
-0.82477
-0.4538
0.99016
-0.0016509
-0.57146
0.45066
0.70652
-0.83265
-0.23588
1.1553
-0.07066
-0.85347
1.2333
-0.56816
-0.55268
1.0875
0.22793
-1.1074
0.50049
1.0269
-1.0142
-0.2202
1.3796
0.19806
-0.91515
0.041266
0.70002
-0.43246
-0.59269
0.8085
0.13466
-0.92139
0.2596
0.69752
-0.89151
-0.38711
0.38604
2.1686
-1.699
-1.3883
2.1359
0.30385
-2.3141
0.74743
2.0906
-1.8
-0.88621
2.4857
0.36423
-2.6421
0.654
2.2386
-1.7647
-1.4813
2.7861
0.12738
-2.8976
1.2608
1.9095
-2.1296
2.033
1.3096
-2.5911
-0.17699
2.4107
-1.0532
-2.0655
2.3851
0.38022
-2.6961
0.38057
2.7661
-0.99859
-2.2772
2.0732
1.2086
-2.834
-0.16967
2.8129
-1.2309
-1.5997
2.494
0.34728
-2.5614
0.15018
-0.23542
-0.076715
0.27422
-0.041191
-0.31831
0.14854
0.23063
-0.26888
-0.12232
0.32672
-0.050691
-0.19723
0.24762
-0.0046096
-0.2276
0.086515
0.18354
-0.15301
-0.14186
0.19948
0.07741
-0.25298
0.0080971
0.096966
-0.1742
-0.0093204
0.23299
-0.067349
-0.22078
0.17794
0.16692
-0.24142
-0.040887
0.2765
-0.10762
-0.055576
0.11531
-0.066677
-0.10137
0.067479
0.077382
-0.12443
-0.056264
0.14398
-0.0014158
-0.16305
0.036197
0.28058
-0.96369
0.36409
0.90136
-0.75437
-0.48188
1.1597
0.033316
-1.1828
0.65907
0.83097
-0.89511
-0.65454
0.60618
0.44463
-0.86241
0.073253
0.7018
-0.58568
-0.54354
0.87565
0.10059
-1.0144
0.43407
-0.32669
-0.65562
0.89303
0.37433
-1.0141
0.12491
0.92574
-0.6124
-0.71011
1.0937
0.23634
-0.99305
0.077535
0.69507
-0.23019
-0.60297
0.57766
0.26224
-0.90825
0.098676
0.74933
-0.50825
-0.54337
0.87075
1.7823
-2.0327
-0.71188
2.7795
-0.50884
-2.3028
1.6603
1.4033
-2.1246
-0.42512
2.8219
-1.0004
-2.2279
0.96017
1.5569
-1.9858
-0.66113
2.1691
-0.2021
-1.9526
1.6719
1.3634
-2.3467
-0.26881
0.82069
-2.3963
0.6334
2.1278
-1.6462
-1.4233
2.1657
-0.0059067
-2.3325
1.2416
1.5252
-1.656
-1.5012
1.9261
0.47832
-2.3355
0.89462
2.1368
-1.4687
-1.3754
2.305
0.27382
-2.311
1.0088
-0.15388
-0.14302
0.24363
0.028966
-0.30555
0.11515
0.24833
-0.27665
-0.14215
0.33377
-0.053764
-0.29032
0.13961
0.10201
-0.15298
-0.040697
0.1379
-0.05398
-0.14738
0.12286
0.13898
-0.22059
-0.071649
0.2571
-0.22242
-0.031306
0.24777
-0.099126
-0.20152
0.23228
0.14017
-0.29015
0.017509
0.31142
-0.17667
-0.15458
0.17965
0.022391
-0.13688
0.036581
0.12504
-0.080331
-0.1072
0.18262
0.044329
-0.22357
0.045995
0.19958
-1.4166
0.42547
1.2962
-0.9367
-0.72855
1.5966
0.14178
-1.3585
0.75369
1.2203
-1.1306
-0.46076
1.41
-0.051235
-1.2924
0.60433
1.1753
-1.0624
-0.57276
1.1609
-0.14399
-1.3667
0.92683
0.8752
-0.89374
1.5357
0.20256
-1.5191
0.5112
1.1599
-1.166
-0.44975
1.5065
0.12048
-1.4054
0.63812
0.97249
-0.98378
-0.69115
1.4268
-0.008598
-1.482
0.79877
0.9065
-1.4825
-0.45107
1.546
-0.2639
-0.73647
0.048379
0.73314
-0.39814
-0.52775
0.59749
0.13687
-0.60791
0.1517
0.54243
-0.40966
-0.42256
0.62941
0.2619
-0.84033
0.052867
0.78598
-0.37458
-0.45243
0.74414
0.090261
-0.74775
0.17126
0.55502
-0.53219
0.50057
0.31144
-0.72456
-0.18109
0.6237
-0.24951
-0.53057
0.4796
0.32593
-0.7139
0.016757
0.67498
-0.28056
-0.67043
0.46625
0.42353
-0.79935
-0.042736
0.71038
-0.32211
-0.57808
0.54806
0.28483
0.37782
-1.9922
0.77147
1.8294
-1.3811
-0.99944
1.82
0.14567
-2.0616
0.811
1.7987
-1.5392
-1.208
2.0024
0.43184
-2.1165
0.56878
1.7547
-1.5019
-1.0254
1.8965
0.19467
-2.1015
0.84176
-0.40182
-1.4816
1.2751
0.65127
-1.6207
0.0285
1.5068
-0.93841
-1.1366
1.3025
0.377
-1.6608
-0.12416
1.7359
-0.94897
-1.3468
1.5185
0.512
-1.621
0.24732
1.8979
-1.0542
-1.3344
1.6175
-1.3474
1.6466
0.57555
-1.9751
0.33835
1.775
-1.1331
-1.2538
1.7354
0.1893
-2.0208
0.83993
1.7615
-1.0907
-0.9926
1.5472
0.038617
-1.7478
0.84201
1.3986
-1.0239
-0.8391
1.708
0.10324
-0.14225
2.0124
-0.71008
-1.3525
1.4511
1.0356
-2.1117
0.10418
2.1483
-1.0985
-1.5551
1.7045
0.79699
-1.7688
-0.0098815
1.5525
-0.66801
-1.3733
1.8646
0.79842
-1.9257
0.25713
1.5285
-1.1896
1.3811
1.4769
-2.475
-0.17632
2.5933
-1.1511
-1.8787
1.5802
0.99758
-2.35
0.061815
2.3205
-0.78506
-2.5118
1.4792
1.4784
-2.6043
-0.35429
2.2098
-0.95523
-1.7141
1.9723
1.0242
-2.6771
2.5929
-0.076757
-2.5139
1.1531
2.1363
-1.7677
-0.57704
2.3601
0.096004
-2.2609
1.2502
2.2077
-1.8275
-1.1243
2.1823
-0.16887
-2.6092
0.97167
1.8504
-2.3942
-1.0813
2.3436
-0.44623
-2.3955
-0.61334
-0.23713
0.75517
-0.13548
-0.63551
0.53683
0.32326
-0.7333
0.00045836
0.69487
-0.39759
-0.52409
0.38464
0.58718
-0.52702
-0.38211
0.71838
0.01113
-0.71756
0.40243
0.48901
-0.59118
-0.081033
0.73879
-0.74286
0.21666
0.63799
-0.56112
-0.29204
0.7262
-0.084934
-0.68187
0.47115
0.41775
-0.67811
-0.18555
0.60578
0.29338
-0.6772
0.046322
0.6867
-0.46207
-0.4507
0.62486
0.094124
-0.75006
0.28156
0.56479
-0.46888
0.87578
0.029221
-0.93879
0.37659
0.80097
-0.77415
-0.37392
0.93761
-0.066026
-0.95708
0.52487
0.63614
-0.6886
-0.28638
0.73342
-0.069766
-0.75749
0.48416
0.52471
-0.69917
-0.2267
0.879
-0.13959
0.13445
0.83854
-0.46976
-0.66913
0.79041
0.25948
-0.90632
0.14698
0.87144
-0.63666
-0.6147
0.81797
0.16229
-0.78858
0.12484
0.75694
-0.55398
-0.47066
0.72639
0.12424
-0.82293
0.26889
0.74876
-0.60076
-0.36909
-1.6933
1.1602
1.0472
-1.7112
-0.2031
1.7602
-0.57631
-1.3506
1.3249
0.81133
-1.5656
-0.38114
1.9857
-0.29942
-1.801
1.3188
1.1522
-1.7411
-0.29081
1.9168
-0.80523
-1.5666
1.4021
-1.329
-0.94842
1.7608
0.031782
-1.8213
0.91366
1.3422
-1.4378
-0.5766
1.7067
-0.24129
-1.7035
0.70684
1.7154
-1.4065
-1.153
1.8057
0.13284
-1.765
0.9098
1.3623
-1.5684
-0.57898
1.8755
0.69068
0.82925
-1.0828
-0.30288
1.2786
-0.23939
-1.0526
0.775
0.71161
-1.0874
-0.17325
1.1992
-0.40707
-1.0267
0.8721
0.61095
-1.133
-0.11997
1.2449
-0.38015
-0.98813
0.90518
0.59025
-1.2745
0.82301
0.1444
-0.90041
0.39305
0.81855
-0.67905
-0.35298
0.90974
-0.0323
-0.90565
0.50545
0.64955
-0.71694
-0.22551
0.89687
-0.099416
-0.84065
0.43641
0.63938
-0.74856
-0.30094
0.95725
-0.10103
-0.85207
-0.07149
0.52304
-0.20585
-0.51489
0.37518
0.31421
-0.53336
-0.11344
0.59422
-0.2244
-0.536
0.47258
0.18701
-0.57219
0.093599
0.50272
-0.24093
-0.38524
0.45875
0.18822
-0.57555
0.0022844
0.56003
-0.3187
0.073374
0.59615
-0.35553
-0.4042
0.5723
0.19022
-0.67398
0.16557
0.5941
-0.51689
-0.41236
0.6788
0.023753
-0.54239
0.24538
0.50447
-0.4124
-0.27212
0.55486
0.0015391
-0.62006
0.29381
0.49069
-0.50821
-1.1073
-0.34191
1.2837
-0.22401
-1.0754
0.86571
0.68085
-1.1771
-0.11014
1.228
-0.54167
-1.0681
0.73921
0.89549
-0.92446
-0.3974
1.2281
-0.21554
-1.0297
0.82389
0.68955
-1.1351
-0.21145
1.1478
-1.1909
0.42432
1.0497
-0.86775
-0.57407
1.191
0.027518
-1.2076
0.66663
0.85447
-1.1882
-0.50152
1.1688
0.34265
-1.0862
0.35017
1.0747
-0.82409
-0.60477
1.1047
0.040962
-1.2096
0.57625
0.8702
1.1051
0.65605
-1.4567
0.074192
1.3975
-0.78346
-0.98572
1.2852
0.4523
-1.509
0.30728
1.4081
-0.7912
-1.0824
1.3316
0.63196
-1.6467
0.19093
1.5082
-0.87892
-0.99033
1.4732
0.32885
-1.5807
1.6546
-0.28322
-1.4415
1.1385
0.8323
-1.5345
-0.10687
1.5569
-0.54761
-1.254
1.1952
0.90242
-1.5446
-0.3355
1.5615
-0.56074
-1.4487
1.1169
0.78772
-1.4572
-0.054302
1.596
-0.68724
-1.2776
-0.26348
0.3506
0.13066
-0.44364
0.14421
0.4047
-0.3541
-0.21589
0.47518
-0.018485
-0.51429
0.22418
0.35342
-0.075341
-0.23879
0.23334
0.14989
-0.26927
0.075932
0.30861
-0.21923
-0.20923
0.29835
0.043357
0.028667
0.54047
-0.24932
-0.42933
0.51048
0.16774
-0.61391
0.14708
0.58567
-0.43291
-0.40427
0.55885
0.16178
-0.4161
-0.051043
0.38442
-0.20514
-0.3077
0.3665
0.11296
-0.52325
0.11424
0.45556
-0.31283
-0.76012
1.5368
-0.18943
-1.5491
0.80726
1.0837
-1.241
-0.49588
1.3957
-0.33039
-1.3062
0.93226
1.2138
-1.3458
-0.74729
1.7571
-0.16486
-1.7257
0.91355
1.2572
-1.4336
-0.47721
1.706
-0.2839
0.19758
1.4562
-0.94587
-0.87239
1.3811
0.23491
-1.4696
0.4385
1.0534
-1.0323
-0.62313
1.3821
0.28033
-1.6271
0.31173
1.5433
-1.0671
-0.88037
1.4885
0.24916
-1.5314
0.51989
1.4193
-1.1459
-2.2957
1.1503
1.6749
-2.2233
-0.81179
2.4063
-0.45267
-2.3185
1.6539
1.5424
-2.2487
-0.34853
2.4393
-0.28319
-2.163
1.3836
1.534
-2.04
-0.61127
2.2686
-0.41721
-2.2393
1.5522
1.324
-1.4538
2.1733
0.45097
-2.2834
0.78916
1.9168
-1.6914
-1.2323
2.2042
0.043177
-2.3799
0.72681
1.9714
-1.3959
-1.1328
1.9436
0.25226
-2.1622
0.75033
1.8476
-1.6479
-1.0155
2.1479
0.1327
