1.2489
0.54226
1.2533
0.21293
1.1473
-0.38823
-0.44269
-0.35651
-1.7275
-2.4279
0.66136
-2.656
-0.42058
-2.3091
0.69821
0.75639
1.685
1.765
-1.7856
0.37244
1.6789
-1.2223
0.1073
-0.10841
0.57776
-2.0294
-1.5802
0.95474
-0.9688
0.42069
0.83158
0.47938
1.4931
-0.51407
-0.022945
-1.4744
-0.63769
0.10468
-1.4049
-1.1832
-0.71021
2.2773
2.4501
1.5854
0.97261
0.080657
0.73974
1.234
1.6178
-0.10069
-1.3316
-3.2405
0.68297
0.12093
-0.91921
-0.82345
-0.49589
0.93381
-0.11136
1.013
0.35723
0.6157
0.25891
-1.8873
-1.8173
-2.4914
0.33432
1.1325
0.72603
0.39417
1.2325
1.9637
3.2399
0.93102
-1.1683
-1.3163
-0.85911
-1.0289
-0.79929
-1.0813
-0.31909
-0.7117
-0.31626
-0.46917
-0.65311
1.5888
0.1974
0.41162
1.6725
0.77129
0.14276
-1.2932
-1.8689
-0.70151
-0.70694
-0.59445
-2.9302
2.2316
0.46218
3.6701
2.7198
-0.18809
0.36512
-1.2272
-0.48934
-0.90402
-3.7938
-3.5028
1.3831
0.69581
2.2329
0.10799
-1.8359
2.9926
-1.0258
1.7134
-0.23937
0.66594
-2.5105
-0.35877
-1.8437
-1.1201
-0.76276
-1.0516
0.38686
2.5451
0.071003
1.4566
1.9673
0.035487
0.332
2.0177
0.18756
-0.60472
-2.8721
-3.3
-4.2149
-1.5384
2.6469
-2.1196
1.0217
2.2592
3.19
-0.58458
-1.8249
2.2944
0.5644
-4.7001
0.030907
-2.4662
-2.4513
0.82859
1.9628
0.39199
1.0587
2.0251
2.2621
3.1301
-1.1594
-0.3427
-0.82196
0.44628
1.5582
-0.10199
-0.91076
-0.67936
1.0298
0.47436
2.4849
1.3514
1.5524
-3.5528
-0.8102
0.75759
1.0529
-2.7367
0.48812
-0.083766
1.5747
-0.40792
1.6347
-0.65175
1.2583
4.5498
0.91184
1.3208
0.34518
-2.6867
0.27621
-1.0564
-1.2687
-1.0827
1.9757
2.1258
1.2074
0.99833
-0.9219
-1.6751
-0.86318
-0.33308
1.101
0.54118
3.0523
4.68
2.6678
2.2676
-0.82955
0.57621
-1.1049
-1.9978
0.34362
1.5315
-2.2698
2.0846
1.4608
2.5697
4.7248
-1.8712
2.2568
2.3718
2.3376
-0.60879
-0.98272
-3.8525
-1.5326
-2.5071
-1.9474
2.5228
-1.5381
1.4052
2.7015
-1.8078
0.37784
-2.3831
-1.624
-0.27937
-4.1662
-2.8018
-0.94688
1.0299
0.28744
-0.31058
-2.7178
2.7444
4.2344
3.7675
-0.11294
-0.16563
-1.6588
-3.2162
-2.6952
-0.44235
-0.049307
-3.0188
0.023658
0.96538
4.1286
1.2303
2.4961
-0.049678
1.0048
-0.85798
-5.4141
1.2904
-2.7824
-1.7988
-2.3492
-0.84229
3.9316
-2.1852
2.2373
0.6388
-0.11001
-0.42154
2.4667
2.5363
-2.8663
-0.96497
0.67701
0.1801
-0.86898
-1.7936
2.7148
2.7023
0.48514
1.2213
5.5921
0.22916
-1.49
0.80681
-0.89634
-2.1413
-0.5995
0.35403
0.2022
1.492
-0.49724
0.30696
0.78849
0.20728
-0.58156
0.51805
0.62338
-1.7985
-0.53056
-0.24986
-1.3205
-0.4445
1.138
0.25043
0.21215
-0.28314
-0.1059
0.27844
-1.8951
-1.9889
-0.86643
-1.3959
-3.1774
-1.3411
-1.9398
0.14941
0.12574
0.2503
2.0334
-0.19812
-1.0895
-0.45204
0.93872
-1.2454
-0.55558
-1.3345
-0.63591
0.71974
-0.60983
0.18505
-0.86121
1.6933
0.62397
0.83103
-0.6658
3.0619
-0.29994
-2.3773
-1.7811
-0.88121
-1.1736
-0.15187
-1.4449
0.72541
0.26264
0.24885
-0.054125
0.23966
-0.30891
1.9405
1.663
-0.13444
0.012509
-1.4707
-1.1939
-0.66202
1.2724
0.92546
0.90138
-0.51007
0.32533
0.42609
0.56749
0.11788
-0.93046
0.80883
0.39255
-2.6842
-0.73263
1.252
-0.86059
-0.28074
-1.536
1.2024
2.424
1.8471
1.1628
-0.95708
1.6831
2.4656
-1.2983
-3.4503
-3.5846
0.0022213
-1.9868
-2.5325
1.2829
2.895
0.98151
0.59487
0.69442
1.0205
0.5024
-1.442
-3.4889
-4.3893
-2.0434
-1.2637
-1.3451
0.58831
-0.6989
2.0832
3.5505
1.9325
-0.34281
1.8248
0.00034732
-0.59542
1.626
-0.72563
-6.5728
-2.9872
2.4483
0.19307
2.3854
6.036
3.8533
-0.49164
-0.34397
0.58124
3.7575
-1.9736
-2.3476
1.0071
0.59805
3.952
-2.2789
-1.1612
2.8739
1.406
0.94886
1.0276
1.2828
1.5343
-1.8973
1.1251
-1.8091
-3.4865
-0.58842
-2.324
0.88701
1.9184
1.1065
2.4363
1.9335
1.3737
2.1512
-0.55126
-0.75829
-0.45029
-2.5865
-3.9596
-1.1475
-4.5104
-2.9012
0.075667
-1.8177
4.5305
-0.34889
0.013925
0.0015478
-0.67059
1.3245
0.88339
-1.4528
-2.7385
-2.6168
-2.6644
-0.14677
0.637
-1.3842
-0.70735
2.2339
0.99029
-2.567
-6.0053
2.1821
-1.6031
-0.93737
-1.7289
2.6681
2.8512
1.7033
3.846
-0.81101
-2.8359
2.1029
0.81495
-3.2784
-2.7882
-6.9016
-2.5339
-1.3687
-2.619
-0.83319
1.9222
2.5605
5.6719
-2.9347
-0.41071
0.42367
-1.0877
0.1449
-1.5138
2.9988
2.2457
-1.7297
-3.3338
-0.54467
-1.7646
2.9522
4.9973
-2.0295
-0.6068
-1.1232
-3.8355
-5.1419
0.25176
-4.4035
-1.2585
-2.9747
-0.033097
-1.1036
0.35375
0.47657
-3.2048
0.79345
1.6737
-3.655
1.6937
-5.0126
1.5493
2.4029
-3.0191
1.2032
0.4586
0.70771
-1.5669
-0.90137
1.1144
0.42371
2.3833
-0.081101
-3.602
-4.1819
1.792
2.2382
-1.4511
2.0354
-0.15356
2.6195
3.8661
-2.2777
-1.7396
1.7308
0.046435
3.0398
-5.2693
-3.3324
-2.7235
2.171
-0.23853
-1.6345
-0.72775
4.7328
3.3893
3.3093
1.3951
0.52237
-1.459
0.22821
0.47655
1.4589
4.3869
-0.18044
1.1145
-2.7008
-2.1634
-1.1413
-1.8383
-1.1511
1.3953
-4.2124
-0.2238
-1.2102
0.71259
-0.99793
0.72692
1.3175
-6.2177
-1.3716
-3.2751
1.3466
-2.6685
-1.3452
-1.2474
3.3868
4.0553
-0.45141
4.6269
0.8155
-0.61974
-0.50442
1.9508
1.5822
-3.581
-3.059
-2.8892
5.2297
-1.0225
-3.7962
-1.8176
1.6422
-0.16831
2.2777
3.4305
-3.4655
-0.18243
1.8454
-1.1343
-1.2218
-1.2218
-4.7808
-5.1647
1.8605
-0.56431
1.1536
0.87522
-0.78248
-1.1384
2.4542
0.29971
-1.0632
0.095049
2.3033
-4.8114
3.5517
1.4891
-0.1738
0.969
1.3336
1.3482
1.4398
-1.3517
3.2062
0.87645
-0.55812
-4.5194
1.2396
-0.048502
-0.53873
2.2273
-0.13235
2.4053
1.6034
-0.60598
4.2695
0.33199
-0.31536
2.975
1.365
-1.0149
0.53653
1.8096
1.1695
-0.93606
-0.78626
1.7705
-0.78721
-0.57604
1.2362
3.0481
-1.1613
4.346
0.33193
2.8165
0.41106
-1.0583
1.1666
-1.5777
-0.1892
0.3244
-1.4462
-2.9152
2.1121
1.7325
1.2883
2.2695
-0.37388
0.95669
-0.41637
0.61403
0.81754
-0.7401
-0.72873
0.16194
-4.2911
-2.6258
-1.3391
0.3656
0.034953
2.1572
4.5741
1.2535
-0.67998
-0.31183
0.48737
-3.1403
-1.3597
0.58379
-0.24013
0.2187
1.1812
1.3161
0.632
-0.94118
6.1147
1.7001
1.8743
0.45816
1.1755
-2.0578
-2.255
-3.1057
0.86859
-1.2427
-0.96274
-1.4637
-4.4669
1.2536
2.6097
2.6999
1.4016
0.91819
5.517
-2.9243
-4.2867
-2.404
-4.1409
1.7313
1.2683
2.3853
-0.97715
2.7681
2.1285
5.586
-0.71473
2.3962
-2.4715
-4.9227
-1.8028
-3.6532
-3.9822
-1.7172
-3.4814
3.8283
1.1754
-2.2565
4.3228
-0.23445
3.7856
1.6095
-0.9263
-0.34256
1.0411
0.11233
2.1878
3.2764
1.2452
0.49668
-1.4695
1.6089
-1.079
0.021202
-3.0672
-1.0792
2.0611
0.30818
-2.6727
0.21886
0.7601
0.63656
-0.50287
1.3326
1.4976
-0.50151
-2.5859
-1.1572
-2.4866
-0.51979
-2.0496
0.43792
-1.3616
2.2946
0.69844
2.6886
0.93482
0.45127
0.35949
-0.083718
0.2705
-0.48238
0.30365
-2.1511
1.454
-1.2511
1.1155
1.1486
1.4613
0.8857
1.0279
0.63314
-1.4186
0.41538
-0.76567
0.57435
-1.9593
-2.1162
-1.4977
-0.38086
0.65198
-0.76426
-0.39777
0.64916
1.3203
1.12
2.572
0.92069
1.1499
-1.7787
-1.8266
-0.94821
1.3625
-0.0016025
1.2361
1.3149
0.19882
0.56892
0.50555
1.6019
-1.9082
-0.95546
0.34694
-1.0588
-0.44536
-0.225
-2.6577
0.080472
1.4039
1.5638
1.3142
0.88462
-1.1591
0.11626
1.0835
-0.98151
-1.2384
1.1229
-0.89738
-0.74664
2.6422
0.46431
1.0759
1.9391
-2.1368
1.1897
0.65663
-2.9836
-1.2169
2.8472
-0.088401
-1.0729
-0.010388
5.0115
1.5593
3.0801
1.3202
1.794
-1.1155
0.74023
-1.9364
0.018627
-1.0819
-0.19456
-1.6213
-1.1155
-2.1775
0.834
1.9226
2.0236
0.90331
2.0156
2.3241
0.25456
-1.9966
1.1699
0.91676
-1.0593
-0.78667
-0.78083
-0.89545
1.3535
0.60631
0.15987
-0.32241
4.6741
2.3025
0.072402
-3.3597
-0.84211
-0.51144
-1.8
-1.5467
0.94121
-1.5384
0.94336
1.6847
1.8725
3.7454
0.2574
-1.8027
-1.3363
-1.0998
-0.12184
-1.3883
-3.5523
-1.3632
-2.6205
0.27977
1.9054
0.14723
1.6533
0.42607
0.096851
-0.95428
-0.93052
-0.96702
-0.48832
-4.0635
-0.36863
1.3502
1.2884
-2.8254
0.53795
0.36904
1.1382
4.3379
-0.51209
-2.5993
0.96989
-1.4931
-0.82189
-2.7913
0.25108
