-0.68995
-1.0362
-1.0106
-0.62043
-0.0049014
0.61373
1.0115
1.0447
0.70172
0.10524
-0.5314
-0.97937
-1.0759
-0.78455
-0.20993
0.4402
0.93169
1.0884
0.85371
0.31026
-0.34796
-0.88332
-1.1013
-0.92308
-0.41403
0.2427
0.81291
1.0924
0.97798
0.50897
-0.14163
-0.73326
-1.0592
-1.0303
-0.69281
-0.17977
0.35657
0.78336
0.99328
0.91317
0.53813
-0.032968
-0.60735
-0.96984
-0.97908
-0.63023
-0.052976
0.54347
0.94663
1.0121
0.71341
0.15494
-0.46186
-0.91235
-1.0331
-0.78113
-0.24728
0.37771
0.86971
1.0501
0.85136
0.34388
-0.28882
-0.81811
-1.0536
-0.9104
-0.43873
0.19331
0.75814
1.0507
0.96393
0.52901
-0.66176
-1.017
-1.0073
-0.63414
-0.030877
0.58465
0.98958
1.0378
0.71223
0.12951
-0.50191
-0.9551
-1.0655
-0.79173
-0.23221
0.41069
0.9054
1.0746
0.85742
0.33017
-0.31885
-0.85535
-1.0844
-0.92329
-0.43129
0.21448
0.78372
1.0726
0.97467
0.52342
-0.11455
-0.70319
-1.0368
-1.0233
-0.70335
-0.20393
0.32718
0.75867
0.98149
0.91816
0.55813
-0.004923
-0.58109
-0.95464
-0.98032
-0.64745
-0.080096
0.516
0.92846
1.0096
0.7275
0.18065
-0.4336
-0.89153
-1.027
-0.792
-0.27125
0.34905
0.84645
1.0405
0.85875
0.36572
-0.26024
-0.79287
-1.0406
-0.91427
-0.45814
0.16516
0.73119
1.0344
0.96418
0.54569
-0.68243
-0.7072
-0.46872
-0.054757
0.37981
0.67217
0.71431
0.49239
0.089077
-0.34771
-0.65705
-0.72288
-0.51897
-0.12139
0.32042
0.64223
0.72652
0.54285
0.1571
-0.2903
-0.63268
-0.74013
-0.57227
-0.19399
0.25348
0.60767
0.74
0.59743
0.22631
-0.23358
-0.601
-0.74015
-0.63006
-0.35959
-0.049674
0.22762
0.46014
0.63873
0.70743
0.58708
0.25553
-0.19668
-0.59502
-0.77378
-0.66127
-0.30524
0.15848
0.56152
0.75892
0.6773
0.34489
-0.11414
-0.52669
-0.73954
-0.67708
-0.36527
0.080845
0.49769
0.73066
0.69209
0.3967
-0.043498
-0.46383
-0.70983
-0.69254
-0.41873
0.011172
0.43774
0.70124
0.70326
0.44464
0.023238
-0.687
-0.71051
-0.46955
-0.05275
0.38399
0.67705
0.71814
0.49378
0.087473
-0.35179
-0.66218
-0.72724
-0.52097
-0.12027
0.32432
0.64754
0.73137
0.54548
0.15652
-0.29394
-0.63813
-0.74547
-0.57557
-0.19403
0.25675
0.61314
0.74576
0.60141
0.22702
-0.23645
-0.60641
-0.74611
-0.63444
-0.36104
-0.048095
0.23125
0.46438
0.64228
0.70949
0.58729
0.254
-0.19943
-0.59808
-0.77609
-0.66195
-0.30398
0.1613
0.5649
0.76162
0.67833
0.34382
-0.11698
-0.5303
-0.74262
-0.67848
-0.36443
0.083685
0.50154
0.73415
0.69394
0.39619
-0.046236
-0.46785
-0.71369
-0.69484
-0.41859
0.01375
0.44188
0.70549
0.70607
0.44496
0.02091
-0.03682
0.33843
0.59991
0.64837
0.46007
0.09886
-0.30563
-0.60586
-0.69062
-0.52494
-0.1633
0.26717
0.60995
0.73628
0.59518
0.23432
-0.21763
-0.59818
-0.76826
-0.66109
-0.30869
0.16484
0.58627
0.79921
0.72414
0.38594
-0.098094
-0.55779
-0.82422
-0.79021
-0.4618
0.030048
0.48264
0.72242
0.6912
0.45718
0.14916
-0.12593
-0.31826
-0.41419
-0.40382
-0.2794
-0.061269
0.18607
0.37286
0.42592
0.32244
0.097722
-0.1698
-0.38497
-0.46717
-0.3803
-0.15018
0.142
0.38983
0.50173
0.43387
0.20573
-0.10485
-0.38656
-0.5341
-0.48869
-0.26228
0.065995
0.37868
0.56173
0.54482
0.32792
-0.015272
-0.36143
-0.58264
-0.59486
-8.0509e-05
0.38821
0.64505
0.67285
0.45521
0.066414
-0.3541
-0.65315
-0.71998
-0.52597
-0.13562
0.31375
0.65889
0.77021
0.60209
0.21181
-0.26155
-0.64795
-0.80623
-0.67378
-0.29156
0.20572
0.63639
0.8408
0.74254
0.37466
-0.13506
-0.60735
-0.86875
-0.81383
-0.45616
0.062845
0.53108
0.77004
0.72231
0.46179
0.12577
-0.16997
-0.36874
-0.45425
-0.4195
-0.26492
-0.02157
0.23685
0.41653
0.44688
0.31329
0.061743
-0.21984
-0.43132
-0.49334
-0.37698
-0.11858
0.19057
0.43805
0.53247
0.43622
0.17885
-0.15141
-0.43625
-0.56924
-0.49681
-0.24055
0.10982
0.429
0.60069
0.55858
0.3116
-0.055873
-0.41185
-0.62497
-0.61408
-0.56531
-0.7454
-0.66099
-0.34348
0.092834
0.49207
0.71354
0.68166
0.41072
-0.0020809
-0.41102
-0.67225
-0.69448
-0.47189
-0.085904
0.32555
0.61831
0.69186
0.52255
0.17095
-0.23855
-0.56115
-0.68388
-0.56636
-0.25345
0.14347
0.48637
0.65676
0.59536
0.32365
-0.062676
-0.42929
-0.65307
-0.6624
-0.45309
-0.083665
0.3381
0.67587
0.80153
0.6475
0.25002
-0.25074
-0.66516
-0.83623
-0.70382
-0.32165
0.17057
0.59943
0.81522
0.74159
0.4041
-0.076024
-0.52549
-0.78382
-0.76159
-0.46986
-0.013607
0.4454
0.7444
0.77725
0.53348
0.10234
-0.3609
-0.69206
-0.77587
-0.58482
-0.18788
0.27332
0.6344
0.76756
0.62782
0.26784
-0.56467
-0.74497
-0.66092
-0.34379
0.092247
0.49142
0.71306
0.68152
0.41097
-0.0015262
-0.41036
-0.67173
-0.69428
-0.47209
-0.086424
0.3249
0.61776
0.69161
0.52269
0.17143
-0.23791
-0.56058
-0.68358
-0.56644
-0.25389
0.14285
0.48578
0.65641
0.59538
0.32404
-0.062067
-0.42868
-0.65266
-0.66232
-0.45333
-0.084156
0.3375
0.67532
0.8012
0.64749
0.25035
-0.25017
-0.66454
-0.8358
-0.70372
-0.32192
0.17002
0.5988
0.81474
0.74143
0.40432
-0.075499
-0.52485
-0.7833
-0.76137
-0.47002
-0.0141
0.44476
0.74384
0.77697
0.53358
0.10279
-0.36026
-0.69147
-0.77554
-0.58487
-0.18829
0.27269
0.63378
0.76718
0.6278
0.2682
-0.27589
-0.97339
-1.3156
-1.1797
-0.61801
0.1621
0.87639
1.2686
1.2008
0.70024
-0.050943
-0.77983
-1.2216
-1.218
-0.77514
-0.058204
0.67251
1.155
1.2171
0.83712
0.15489
-0.57867
-1.0961
-1.214
-0.89623
-0.26054
0.46475
1.0173
1.1938
0.9319
0.34083
-0.35083
-0.90564
-1.1748
-1.1215
-0.77897
-0.2125
0.47026
1.0899
1.4196
1.2869
0.68911
-0.17235
-0.97389
-1.4149
-1.3393
-0.78289
0.051157
0.86544
1.368
1.376
0.88657
0.080327
-0.74772
-1.2995
-1.38
-0.96348
-0.20068
0.63261
1.2339
1.3857
1.0363
0.31654
-0.51137
-1.1498
-1.3707
-1.0955
-0.42534
0.39501
1.0667
1.3479
1.1412
-0.27506
-0.97631
-1.3212
-1.186
-0.6227
0.16071
0.87879
1.2739
1.2071
0.70527
-0.049011
-0.7817
-1.2266
-1.2243
-0.7805
-0.060676
0.6738
1.1596
1.2233
0.84274
0.15786
-0.57942
-1.1003
-1.2201
-0.90207
-0.26402
0.46487
1.021
1.1997
0.93792
0.34475
-0.35032
-0.90858
-1.1802
-1.1275
-0.78403
-0.21532
0.47045
1.0932
1.4252
1.2931
0.69371
-0.17098
-0.97628
-1.4202
-1.3455
-0.78781
0.049311
0.86734
1.373
1.3823
0.89187
0.08272
-0.7491
-1.3041
-1.3863
-0.96906
-0.20358
0.63344
1.2382
1.3919
1.0421
0.31992
-0.51166
-1.1537
-1.3767
-1.1016
-0.4292
0.39473
1.0701
1.3537
1.1474
0.45918
0.62462
0.5703
0.31666
-0.046474
-0.39176
-0.59859
-0.59492
-0.38266
-0.037308
0.31898
0.56111
0.60518
0.43709
0.1166
-0.24353
-0.51671
-0.60703
-0.4837
-0.19183
0.1647
0.46084
0.59377
0.51775
0.25992
-0.088235
-0.40285
-0.57304
-0.54136
-0.3222
0.0074516
0.33624
0.55267
0.57755
0.39113
0.048086
-0.33213
-0.6056
-0.66257
-0.4758
-0.11283
0.29294
0.59547
0.68896
0.54248
0.20834
-0.19632
-0.52979
-0.67561
-0.58406
-0.28915
0.10463
0.45963
0.65266
0.61714
0.36625
-0.011345
-0.38273
-0.61805
-0.63616
-0.43226
-0.078591
0.30096
0.57373
0.64454
0.48937
0.1638
-0.21723
-0.52033
-0.64024
-0.53597
-0.24467
0.43762
0.59504
0.54326
0.30178
-0.043918
-0.37275
-0.56996
-0.56688
-0.36516
-0.036537
0.30278
0.53375
0.57643
0.41718
0.11258
-0.23032
-0.49103
-0.57804
-0.46171
-0.18465
0.15455
0.43702
0.56481
0.49394
0.24964
-0.0814
-0.38138
-0.54461
-0.51615
-0.3092
0.0037109
0.31721
0.52497
0.55036
0.37312
0.044971
-0.31906
-0.57994
-0.63219
-0.45074
-0.10191
0.28555
0.57221
0.65815
0.5152
0.19433
-0.19212
-0.5089
-0.64546
-0.55538
-0.27217
0.10385
0.44143
0.6236
0.58761
0.34677
-0.013854
-0.36738
-0.59032
-0.60597
-0.41037
-0.072785
0.28868
0.54779
0.61422
0.46547
0.15482
-0.20811
-0.49639
-0.61007
-0.51032
-0.23266
0.29719
0.96704
1.2916
1.155
0.60631
-0.15759
-0.86325
-1.2594
-1.206
-0.72281
0.018189
0.75273
1.2182
1.2482
0.83314
0.12248
-0.6299
-1.1565
-1.2702
-0.92994
-0.2568
0.50807
1.0905
1.2833
1.0194
0.39376
-0.37159
-1.0043
-1.2769
-1.0912
-0.51815
0.23125
0.89291
1.2524
1.2111
0.79686
0.1363
-0.57957
-1.1327
-1.3319
-1.0842
-0.45251
0.34769
1.0259
1.3337
1.1613
0.5749
-0.21434
-0.92625
-1.3082
-1.2234
-0.70138
0.070162
0.81395
1.2645
1.2629
0.81134
0.071078
-0.69413
-1.2108
-1.2941
-0.91505
-0.21066
0.56675
1.1405
1.307
1.0074
0.34851
-0.434
-1.06
-1.3062
-1.0859
0.30842
0.97404
1.2919
1.1486
0.59541
-0.169
-0.87112
-1.261
-1.2008
-0.71267
0.029594
0.76133
1.2209
1.2442
0.82384
0.11123
-0.63911
-1.1605
-1.2675
-0.92162
-0.24585
0.51773
1.0955
1.2818
1.0121
0.38329
-0.38156
-1.0102
-1.2767
-1.0851
-0.50824
0.24147
0.90003
1.2541
1.2068
0.78759
0.12475
-0.58982
-1.1381
-1.3302
-1.0758
-0.44016
0.3596
1.0331
1.3335
1.154
0.56302
-0.22654
-0.93442
-1.3095
-1.2172
-0.69008
0.082554
0.82301
1.267
1.258
0.8008
0.058666
-0.70397
-1.2146
-1.2905
-0.90538
-0.19841
0.5772
1.1454
1.3047
0.99867
0.33655
-0.44494
-1.0661
-1.3052
-1.0783
-0.20604
-0.30836
-0.30383
-0.19247
-0.011764
0.1753
0.30228
0.32355
0.23081
0.05567
-0.14151
-0.29194
-0.34169
-0.27113
-0.10341
0.10282
0.27463
0.35116
0.30468
0.14971
-0.061314
-0.25455
-0.3602
-0.33877
-0.19682
0.015763
0.22488
0.35799
0.36698
0.24426
0.029293
-0.20009
-0.35561
-0.37734
-0.26233
-0.063799
0.13801
0.2731
0.30478
0.23287
0.086152
-0.086821
-0.2286
-0.28952
-0.2468
-0.11552
0.056744
0.20873
0.28781
0.26693
0.15283
-0.015654
-0.17969
-0.28099
-0.28345
-0.18639
-0.024014
0.14729
0.26817
0.29601
0.2199
0.065559
-0.11299
-0.25282
-0.3048
-0.25059
-0.10842
0.073071
0.2308
0.30878
0.27838
0.14938
-0.21289
-0.32041
-0.31687
-0.20193
-0.014317
0.18057
0.31355
0.33688
0.24152
0.059984
-0.14512
-0.30225
-0.3551
-0.28294
-0.10946
0.10469
0.28379
0.36443
0.31741
0.15741
-0.061368
-0.26238
-0.37311
-0.35223
-0.20607
0.014007
0.23129
0.37034
0.38096
0.25497
0.03294
-0.20485
-0.36712
-0.39149
-0.274
-0.068823
0.14132
0.28335
0.31816
0.24459
0.092115
-0.088624
-0.2375
-0.30239
-0.25912
-0.12295
0.056828
0.21629
0.30015
0.2797
0.16154
-0.014045
-0.18575
-0.2926
-0.29652
-0.19632
-0.027321
0.15176
0.27883
0.30912
0.23086
0.070522
-0.11578
-0.26238
-0.31778
-0.26243
-0.11498
0.074098
0.23906
0.32139
0.29092
0.15744
-0.49896
-0.8784
-0.94773
-0.68171
-0.17392
0.39591
0.82578
0.96333
0.75975
0.28688
-0.28808
-0.76128
-0.96442
-0.82494
-0.3924
0.17921
0.68669
0.94991
0.87547
0.48967
-0.070356
-0.60497
-0.92341
-0.91253
-0.57717
-0.037644
0.51381
0.88113
0.93356
0.65246
0.13877
-0.42341
-0.83445
-0.95166
-0.73775
-0.26932
0.29306
0.7588
0.96858
0.84706
0.43161
-0.13587
-0.65649
-0.94613
-0.90309
-0.54411
0.0035519
0.54828
0.9006
0.93797
0.64728
0.13029
-0.43152
-0.84103
-0.95507
-0.73431
-0.25637
0.31153
0.77043
0.95904
0.8107
0.37738
-0.18848
-0.68795
-0.94556
-0.87061
-0.48896
0.065614
0.59781
0.91963
0.91714
0.59101
-0.50741
-0.88493
-0.95001
-0.67892
-0.16711
0.40427
0.8327
0.96634
0.7578
0.2807
-0.29626
-0.76852
-0.96811
-0.82378
-0.38684
0.18716
0.69418
0.95428
0.87517
0.48481
-0.078018
-0.61267
-0.9284
-0.91304
-0.57306
-0.030384
0.52163
0.8867
0.93486
0.64904
0.13188
-0.43135
-0.84087
-0.95466
-0.73651
-0.26407
0.30107
0.76746
0.97527
0.8494
0.42854
-0.14346
-0.6659
-0.95393
-0.90643
-0.54183
0.010573
0.55748
0.90865
0.94196
0.64579
0.12389
-0.44047
-0.84926
-0.95962
-0.73357
-0.25062
0.32018
0.77885
0.96419
0.81073
0.37234
-0.19673
-0.69642
-0.95119
-0.8714
-0.48463
0.073462
0.60633
0.92575
0.91869
0.58747
0.15744
0.15457
0.09755
0.0057947
-0.088659
-0.1526
-0.16355
-0.11748
-0.030103
0.068444
0.14363
0.16857
0.1339
0.051652
-0.049121
-0.13291
-0.17031
-0.14802
-0.073403
0.027632
0.11922
0.1684
0.15753
0.090794
-0.0078553
-0.10375
-0.16348
-0.16576
-0.10883
-0.012169
0.089055
0.15648
0.16372
0.1075
0.0093466
-0.092792
-0.15942
-0.16491
-0.10755
-0.010113
0.089682
0.15485
0.16348
0.11532
0.029349
-0.06467
-0.13594
-0.16144
-0.13272
-0.059254
0.033975
0.11498
0.15628
0.14441
0.083927
-0.0047456
-0.091943
-0.14819
-0.15406
-0.10724
-0.023715
0.067857
0.13625
0.15823
0.12613
0.050415
-0.043349
-0.12286
-0.16032
-0.14246
-0.075279
0.018179
0.16376
0.15827
0.097315
0.0017055
-0.095141
-0.15916
-0.16784
-0.11798
-0.026639
0.074629
0.15033
0.17339
0.13513
0.048842
-0.054953
-0.13967
-0.17559
-0.14994
-0.071284
0.033034
0.12597
0.1741
0.16014
0.089388
-0.012755
-0.11039
-0.16948
-0.16899
-0.10812
-0.0077716
0.095579
0.16284
0.16776
0.10791
0.0060651
-0.098692
-0.16613
-0.17037
-0.11003
-0.0087288
0.094578
0.16164
0.16977
0.11885
0.028822
-0.069052
-0.14259
-0.16799
-0.13684
-0.059492
0.037713
0.12136
0.16302
0.1491
0.084883
-0.0078498
-0.097996
-0.15504
-0.15927
-0.10895
-0.021311
0.073507
0.14312
0.16386
0.12852
0.048714
-0.048536
-0.12969
-0.16635
-0.14554
-0.074311
0.02284
0.31336
-0.094218
-0.4703
-0.67764
-0.63945
-0.36905
0.034995
0.42624
0.66381
0.66184
0.41958
0.023065
-0.38402
-0.65268
-0.68481
-0.46947
-0.085087
0.33033
0.62768
0.69848
0.51474
0.14221
-0.2825
-0.60426
-0.70788
-0.5576
-0.20625
0.22265
0.57383
0.71533
0.59443
0.26481
-0.13947
-0.47252
-0.64191
-0.62812
-0.45899
-0.17891
0.15497
0.4598
0.6338
0.59846
0.34898
-0.029868
-0.39781
-0.61973
-0.61733
-0.39288
-0.025492
0.35461
0.60946
0.64408
0.44433
0.083047
-0.30856
-0.58979
-0.65966
-0.49163
-0.14416
0.25782
0.56758
0.67161
0.53214
0.19983
-0.20591
-0.53947
-0.67983
-0.57431
-0.25952
0.15038
0.50604
0.67851
0.32115
-0.10723
-0.49947
-0.7126
-0.6678
-0.38079
0.043949
0.45264
0.69826
0.69214
0.43503
0.018231
-0.40738
-0.68625
-0.71669
-0.48843
-0.084489
0.3502
0.65976
0.7314
0.53686
0.14573
-0.29878
-0.63451
-0.74141
-0.5826
-0.21394
0.23494
0.60174
0.74896
0.62192
0.27657
-0.14748
-0.49762
-0.67585
-0.65983
-0.47795
-0.17847
0.17523
0.49343
0.6693
0.62324
0.35407
-0.046335
-0.42989
-0.65592
-0.64476
-0.40186
-0.01286
0.38436
0.64573
0.67395
0.45719
0.074392
-0.33559
-0.62554
-0.69145
-0.50819
-0.13965
0.28177
0.6024
0.7049
0.5521
0.19943
-0.22647
-0.57284
-0.71418
-0.59745
-0.26328
0.16727
0.53751
0.71336
0.35178
0.13634
-0.13524
-0.36677
-0.47264
-0.40959
-0.19516
0.096462
0.36085
0.50146
0.46429
0.25765
-0.048841
-0.3464
-0.52538
-0.51665
-0.31903
-0.00054918
0.32602
0.54289
0.56833
0.38717
0.05989
-0.29635
-0.55089
-0.60918
-0.44712
-0.1185
0.26261
0.5575
0.65153
0.50473
0.1793
-0.18285
-0.43134
-0.48577
-0.36715
-0.16374
0.033933
0.1753
0.24659
0.24599
0.1728
0.039329
-0.11641
-0.23862
-0.27938
-0.22149
-0.084053
0.086794
0.23324
0.30284
0.26645
0.13178
-0.056089
-0.23055
-0.32853
-0.31304
-0.18571
0.012805
0.21444
0.3461
0.35681
0.23841
0.029955
-0.19616
-0.35954
-0.39944
-0.29659
-0.082522
0.16884
0.36677
0.34934
0.14098
-0.12527
-0.35505
-0.46329
-0.4058
-0.19812
0.087901
0.34976
0.49173
0.45928
0.25899
-0.04174
-0.33612
-0.51552
-0.5106
-0.31878
-0.0060871
0.31672
0.53312
0.56148
0.38553
0.063908
-0.28815
-0.54137
-0.6016
-0.44407
-0.12091
0.25571
0.5486
0.64367
0.50058
0.18051
-0.17612
-0.42074
-0.47473
-0.36005
-0.16417
0.025088
0.16072
0.2316
0.23622
0.17185
0.047398
-0.10236
-0.22363
-0.26871
-0.21881
-0.090239
0.074026
0.21849
0.29134
0.26217
0.13608
-0.044866
-0.21645
-0.31653
-0.30735
-0.18824
0.0030817
0.20106
0.33381
0.34986
0.23914
0.037973
-0.18378
-0.34722
-0.39149
-0.29572
-0.088891
0.15759
0.35464
0.75163
0.36403
-0.15489
-0.61737
-0.85603
-0.78504
-0.43104
0.077376
0.5566
0.83384
0.80896
0.49099
-0.0044921
-0.49736
-0.80913
-0.82783
-0.54762
-0.070047
0.43225
0.77708
0.83904
0.59625
0.13828
-0.36797
-0.73987
-0.84369
-0.64112
-0.20442
0.30634
0.70229
0.84177
0.68771
0.31383
-0.14184
-0.54104
-0.78541
-0.82115
-0.6322
-0.24832
0.23703
0.67154
0.8931
0.80431
0.42586
-0.10641
-0.59761
-0.87067
-0.8298
-0.49126
0.023515
0.52972
0.84461
0.85439
0.55634
0.059092
-0.45797
-0.8094
-0.8693
-0.6162
-0.1414
0.38337
0.76847
0.8755
0.66689
0.21851
-0.30807
-0.7232
-0.87713
-0.71441
-0.29439
0.23051
0.6707
0.75163
0.36403
-0.15489
-0.61737
-0.85603
-0.78504
-0.43104
0.077376
0.5566
0.83384
0.80896
0.49099
-0.0044921
-0.49736
-0.80913
-0.82783
-0.54762
-0.070047
0.43225
0.77708
0.83904
0.59625
0.13828
-0.36797
-0.73987
-0.84369
-0.64112
-0.20442
0.30634
0.70229
0.84177
0.68771
0.31383
-0.14184
-0.54104
-0.78541
-0.82115
-0.6322
-0.24832
0.23703
0.67154
0.8931
0.80431
0.42586
-0.10641
-0.59761
-0.87067
-0.8298
-0.49126
0.023515
0.52972
0.84461
0.85439
0.55634
0.059092
-0.45797
-0.8094
-0.8693
-0.6162
-0.1414
0.38337
0.76847
0.8755
0.66689
0.21851
-0.30807
-0.7232
-0.87713
-0.71441
-0.29439
0.23051
0.6707
-0.032203
-0.64705
-1.0304
-1.0442
-0.6833
-0.077894
0.55387
0.98569
1.064
0.76132
0.18584
-0.45655
-0.93509
-1.0778
-0.83429
-0.29363
0.34991
0.86682
1.0731
0.89466
0.3951
-0.24579
-0.79706
-1.0617
-0.94735
-0.49654
0.1305
0.71077
1.0354
0.98672
0.58685
-0.010998
-0.58985
-0.96031
-1.0244
-0.78556
-0.3221
0.24051
0.74617
1.0331
0.98525
0.59395
-0.016184
-0.62596
-1.0104
-1.0297
-0.67877
-0.084418
0.54214
0.97737
1.0634
0.76677
0.19344
-0.44955
-0.93082
-1.0784
-0.83968
-0.29924
0.35024
0.87531
1.0861
0.90629
0.40106
-0.24772
-0.80777
-1.0789
-0.96346
-0.50194
0.14028
0.73187
1.0599
1.0073
-0.047369
-0.65254
-1.0244
-1.0289
-0.66428
-0.061975
0.56109
0.98177
1.0504
0.7431
0.16947
-0.46525
-0.93311
-1.066
-0.81699
-0.27703
0.35997
0.86687
1.0632
0.87855
0.37857
-0.25686
-0.79882
-1.0537
-0.93255
-0.48024
0.14252
0.7143
1.0293
0.97337
0.57107
-0.023795
-0.5955
-0.95693
-1.0126
-0.76814
-0.30399
0.25339
0.74875
1.0234
0.96609
0.57188
-0.033178
-0.63175
-1.0031
-1.0119
-0.65706
-0.066457
0.54997
0.9723
1.0473
0.74546
0.17456
-0.45929
-0.92805
-1.0642
-0.81919
-0.27978
0.36171
0.87477
1.0738
0.8868
0.38135
-0.26065
-0.80938
-1.0687
-0.94518
-0.48216
0.15448
0.7355
1.0518
0.99049
-0.60006
-0.52918
-0.27099
0.084814
0.41284
0.59636
0.56963
0.34165
-0.0076131
-0.35589
-0.58099
-0.60288
-0.41218
-0.07489
0.29008
0.55369
0.62311
0.47394
0.15761
-0.21638
-0.51717
-0.63772
-0.53393
-0.24198
0.13498
0.46508
0.63405
0.58251
0.3252
-0.050945
-0.4122
-0.62529
-0.61175
-0.38267
-0.032324
0.30654
0.51872
0.54432
0.38792
0.10787
-0.20271
-0.44041
-0.52262
-0.41805
-0.16186
0.15535
0.42088
0.54057
0.471
0.23426
-0.08842
-0.38339
-0.54466
-0.51312
-0.2987
0.023482
0.34024
0.53974
0.55013
0.36536
0.048981
-0.28732
-0.52378
-0.57593
-0.42456
-0.12198
0.22618
0.49717
0.59401
0.48068
0.19613
-0.1593
-0.60829
-0.52499
-0.25566
0.10585
0.43193
0.60645
0.5669
0.32693
-0.029082
-0.37634
-0.5929
-0.60171
-0.39813
-0.052928
0.31199
0.56752
0.62373
0.46096
0.13557
-0.23954
-0.53296
-0.64021
-0.52204
-0.21993
0.15923
0.48274
0.63863
0.57208
0.30329
-0.076387
-0.43177
-0.63206
-0.60418
-0.3648
-0.011157
0.32461
0.52994
0.54752
0.38339
0.096894
-0.21744
-0.45459
-0.53139
-0.41802
-0.15281
0.17017
0.43604
0.55048
0.47191
0.22562
-0.10368
-0.39976
-0.55606
-0.51522
-0.29054
0.039077
0.35769
0.55267
0.55368
0.358
0.033224
-0.30579
-0.53816
-0.58085
-0.41803
-0.10618
0.24564
0.51321
0.60063
0.47528
0.18052
-0.17953
0.90316
1.0412
0.8089
0.28705
-0.33963
-0.84774
-1.0552
-0.88685
-0.40146
0.22921
0.78115
1.0571
0.95696
0.51447
-0.11359
-0.70325
-1.0438
-1.0128
-0.61985
-0.0032474
0.61792
1.0212
1.0608
0.72148
0.12355
-0.52024
-0.98063
-1.0923
-0.81261
-0.24019
0.41821
0.92442
1.1016
0.90087
0.41059
-0.19116
-0.70827
-0.98699
-0.94997
-0.60999
-0.070202
0.49589
0.89374
0.97801
0.71313
0.1919
-0.39891
-0.84853
-0.99781
-0.79372
-0.30725
0.29021
0.78624
1.0033
0.86321
0.41541
-0.18134
-0.71563
-0.9976
-0.92582
-0.52408
0.065828
0.63411
0.97819
0.9751
0.62502
0.051104
-0.54355
-0.94719
-1.0149
-0.72086
-0.16882
0.90911
1.051
0.81911
0.29405
-0.33836
-0.85271
-1.0647
-0.8976
-0.40964
0.22654
0.78501
1.0662
0.96807
0.52367
-0.10959
-0.70593
-1.0523
-1.0242
-0.63005
-0.0086205
0.61935
1.0289
1.0722
0.73247
0.13021
-0.52034
-0.98758
-1.1036
-0.82437
-0.24805
0.41707
0.93029
1.1122
0.91225
0.41874
-0.18891
-0.71238
-0.99571
-0.96005
-0.61797
-0.073502
0.49817
0.90065
0.98711
0.7213
0.19631
-0.39983
-0.85453
-1.0068
-0.80261
-0.3129
0.28978
0.7912
1.0119
0.87256
0.42219
-0.17955
-0.71951
-1.0058
-0.93554
-0.5319
0.062666
0.63676
0.98576
0.98499
0.63376
0.055585
-0.54495
-0.95405
-1.0248
-0.73041
-0.17461
0.77904
0.45719
-0.025513
-0.49901
-0.79665
-0.81389
-0.54489
-0.084232
0.40622
0.75392
0.83624
0.62389
0.19148
-0.30882
-0.70096
-0.8469
-0.69488
-0.29769
0.20537
0.63704
0.8447
0.75465
0.39819
-0.099577
-0.56377
-0.83072
-0.80518
-0.49464
-0.007907
0.48287
0.80399
0.84257
0.5857
0.12305
-0.38558
-0.76459
-0.88135
-0.69202
-0.25934
0.26617
0.69838
0.8831
0.75488
0.36045
-0.15926
-0.62023
-0.86037
-0.79594
-0.45064
0.052661
0.53554
0.8275
0.82637
0.5339
0.054297
-0.44292
-0.78258
-0.84542
-0.61009
-0.1605
0.34415
0.72599
0.85112
0.67631
0.26374
-0.24093
-0.65986
-0.84567
-0.73346
-0.36343
0.13371
0.583
0.75636
0.43615
-0.037404
-0.49755
-0.78242
-0.79205
-0.52325
-0.07048
0.40723
0.74189
0.81551
0.6019
0.17609
-0.31216
-0.69113
-0.82748
-0.6728
-0.2808
0.21106
0.62953
0.82674
0.73269
0.38007
-0.10746
-0.55867
-0.81448
-0.78362
-0.47548
0.0019772
0.47998
0.78948
0.82156
0.56524
0.10964
-0.38777
-0.75456
-0.86158
-0.6681
-0.2388
0.27621
0.69398
0.86546
0.73018
0.33759
-0.17205
-0.61846
-0.84479
-0.77216
-0.4272
0.067377
0.5363
0.81409
0.8037
0.51015
0.037959
-0.44605
-0.77144
-0.82405
-0.58616
-0.1426
0.34966
0.71723
0.83132
0.6526
0.24461
-0.24868
-0.6535
-0.82753
-0.71008
-0.34319
0.14362
0.57912
-0.14481
0.48273
0.93697
1.0589
0.8075
0.27356
-0.35369
-0.8535
-1.0509
-0.87752
-0.39582
0.22336
0.76134
1.0292
0.93425
0.51126
-0.090057
-0.6578
-0.99204
-0.9754
-0.61481
-0.038627
0.54963
0.94333
1.0046
0.712
0.16879
-0.43253
-0.87889
-1.0141
-0.79383
-0.29638
0.31003
0.82475
1.0748
0.96563
0.51498
-0.13923
-0.77299
-1.1526
-1.1281
-0.6993
-0.020061
0.66284
1.1047
1.1514
0.79075
0.15344
-0.53387
-1.0279
-1.1548
-0.87251
-0.28438
0.39907
0.93607
1.1387
0.93802
0.40751
-0.26329
-0.8364
-1.1103
-0.99084
-0.52339
0.12497
0.72491
1.0656
1.0285
0.62916
0.010796
-0.60724
-1.0076
-1.051
-0.14231
0.48597
0.93981
1.0603
0.80704
0.27137
-0.35683
-0.85648
-1.0526
-0.87747
-0.39397
0.22634
0.76441
1.0313
0.93461
0.50978
-0.092845
-0.66092
-0.99438
-0.97615
-0.6137
-0.036068
0.55274
0.9459
1.0057
0.7113
0.1665
-0.43559
-0.88164
-1.0156
-0.7935
-0.29436
0.31306
0.82776
1.0768
0.96581
0.51324
-0.14239
-0.77651
-1.1552
-1.1288
-0.69791
-0.017013
0.66645
1.1075
1.1525
0.78976
0.15069
-0.5374
-1.0309
-1.1563
-0.87196
-0.28196
0.40248
0.93926
1.1406
0.93788
0.40545
-0.26653
-0.83968
-1.1124
-0.99113
-0.52171
0.128
0.72822
1.068
1.0292
0.62788
0.0080052
-0.61055
-1.0102
-1.052
0.32162
1.1027
1.4878
1.3359
0.70046
-0.18829
-1.0082
-1.4636
-1.3912
-0.81688
0.0539
0.90749
1.4342
1.4425
0.92998
0.08375
-0.79057
-1.3792
-1.4706
-1.0302
-0.21542
0.67798
1.325
1.4927
1.1243
0.35414
-0.54306
-1.2457
-1.4968
-1.2028
-0.47884
0.39618
1.1044
1.4265
1.3092
0.83668
0.15755
-0.56191
-1.143
-1.4053
-1.2255
-0.62014
0.22035
0.99189
1.4055
1.3085
0.7385
-0.098799
-0.90525
-1.3918
-1.3794
-0.86781
-0.040355
0.80287
1.357
1.423
0.97656
0.17569
-0.69303
-1.3152
-1.4634
-1.0824
-0.30994
0.5752
1.2547
1.484
1.1783
0.44544
-0.4509
-1.1856
-1.4921
-1.2598
0.32508
1.1091
1.495
1.3412
0.70189
-0.1912
-1.0144
-1.4709
-1.397
-0.81898
0.056215
0.91341
1.4416
1.4487
0.93274
0.082075
-0.79609
-1.3866
-1.4772
-1.0336
-0.21438
0.6831
1.3323
1.4997
1.1284
0.35382
-0.54764
-1.2529
-1.504
-1.2075
-0.47918
0.40015
1.1111
1.4336
1.3146
0.83891
0.15625
-0.56622
-1.1491
-1.4115
-1.2299
-0.62111
0.22315
0.99751
1.412
1.3134
0.74006
-0.10114
-0.91069
-1.3984
-1.3848
-0.87006
-0.038597
0.80802
1.3637
1.4289
0.97942
0.17452
-0.69785
-1.322
-1.4697
-1.0859
-0.30939
0.57961
1.2615
1.4906
1.1824
0.44554
-0.45486
-1.1922
-1.499
-1.2645
0.64996
-0.15399
-0.90378
-1.3314
-1.2835
-0.77793
0.0034297
0.78121
1.2791
1.3209
0.89162
0.14408
-0.6544
-1.2177
-1.3453
-0.99377
-0.29081
0.51299
1.1324
1.3469
1.0798
0.42727
-0.37521
-1.0399
-1.3321
-1.1512
-0.56285
0.22478
0.9311
1.3017
1.2053
0.68538
-0.061682
-0.77332
-1.2223
-1.2825
-0.94561
-0.30966
0.43999
1.0656
1.3447
1.1589
0.55854
-0.24518
-0.96129
-1.3332
-1.2315
-0.69367
0.091367
0.84741
1.305
1.2983
0.82839
0.063269
-0.72408
-1.2545
-1.3404
-0.94995
-0.22016
0.58981
1.1902
1.366
1.0548
0.36842
-0.44927
-1.1082
-1.3736
-1.1496
-0.51524
0.30281
1.0118
1.359
0.61876
-0.19413
-0.93876
-1.3489
-1.2774
-0.75032
0.042813
0.81853
1.3013
1.32
0.86809
0.10612
-0.69346
-1.2441
-1.3497
-0.97471
-0.25493
0.5531
1.1626
1.3566
1.0655
0.39401
-0.41575
-1.0735
-1.3469
-1.142
-0.53289
0.26503
0.96746
1.3214
1.2012
0.65893
-0.10108
-0.81169
-1.246
-1.2832
-0.923
-0.27174
0.47979
1.0932
1.3503
1.1406
0.52284
-0.28556
-0.99212
-1.3437
-1.2179
-0.66088
0.13188
0.88141
1.3205
1.2899
0.79907
0.023356
-0.76055
-1.2748
-1.3372
-0.92457
-0.18146
0.62822
1.2148
1.3681
1.0338
0.33164
-0.48891
-1.1367
-1.381
-1.1334
-0.48094
0.34306
1.0438
1.3716
-0.83573
-0.53926
-0.049345
0.45976
0.80611
0.86583
0.61745
0.14905
-0.37337
-0.76416
-0.88333
-0.68695
-0.24418
0.2869
0.71651
0.89148
0.74929
0.33958
-0.19289
-0.65823
-0.88894
-0.80133
-0.42676
0.10046
0.59263
0.87505
0.84607
0.51316
-0.0062452
-0.52384
-0.85087
-0.87276
-0.59204
-0.11866
0.38188
0.75039
0.87843
0.73003
0.34847
-0.14955
-0.60087
-0.84769
-0.7983
-0.46693
0.029098
0.51348
0.81529
0.82852
0.54824
0.072891
-0.42907
-0.77875
-0.85157
-0.62203
-0.17192
0.3395
0.73147
0.86474
0.69107
0.27144
-0.24496
-0.67434
-0.86426
-0.74742
-0.36486
0.14848
0.6106
0.85666
0.79826
0.45577
-0.049011
-0.53675
-0.83578
-0.5381
-0.047389
0.46182
0.80757
0.86616
0.61654
0.14723
-0.37547
-0.7658
-0.88393
-0.68631
-0.24253
0.28899
0.7183
0.89235
0.74893
0.33811
-0.19494
-0.66014
-0.89005
-0.80126
-0.42553
0.10243
0.59464
0.87639
0.84627
0.51216
-0.0080994
-0.52589
-0.85241
-0.87326
-0.5913
-0.11692
0.38401
0.75212
0.87913
0.72942
0.34676
-0.15175
-0.60276
-0.84861
-0.79792
-0.46539
0.031264
0.51551
0.81646
0.82843
0.54693
0.070817
-0.43117
-0.78015
-0.85177
-0.62097
-0.16997
0.34165
0.73306
0.86522
0.69027
0.26965
-0.24711
-0.6761
-0.865
-0.7469
-0.36325
0.1506
0.6125
0.85767
0.79802
0.45437
-0.05107
-0.53876
-0.47525
-0.4972
-0.34301
-0.066261
0.2353
0.45502
0.51536
0.39464
0.13413
-0.17572
-0.42586
-0.52686
-0.44165
-0.19962
0.11415
0.38959
0.52998
0.4848
0.26763
-0.046799
-0.34743
-0.52679
-0.52065
-0.33091
-0.023413
0.29563
0.51465
0.55376
0.39459
0.091816
-0.24372
-0.48809
-0.55477
-0.42717
-0.15883
0.1529
0.40314
0.51177
0.44604
0.23067
-0.058826
-0.32128
-0.46584
-0.44418
-0.26594
0.0061795
0.27772
0.45341
0.46977
0.31909
0.054138
-0.23048
-0.43342
-0.4831
-0.36211
-0.11241
0.17881
0.40863
0.49471
0.40556
0.17255
-0.12172
-0.3735
-0.49423
-0.44086
-0.23103
0.062119
0.3349
0.49019
0.47266
0.2884
0.0019885
-0.48476
-0.51046
-0.35536
-0.073268
0.23625
0.46372
0.52882
0.40809
0.14276
-0.17509
-0.4336
-0.54035
-0.45617
-0.20996
0.11177
0.39615
0.54323
0.50009
0.2795
-0.042665
-0.35267
-0.53968
-0.53667
-0.34433
-0.029372
0.29934
0.52684
0.57018
0.40943
0.099658
-0.24582
-0.49933
-0.57084
-0.44204
-0.16743
0.15272
0.41022
0.52276
0.45702
0.23837
-0.05647
-0.3248
-0.47406
-0.45432
-0.27444
0.0024157
0.28013
0.46123
0.48032
0.32871
0.059441
-0.23146
-0.44046
-0.49382
-0.37274
-0.11918
0.17836
0.41477
0.50538
0.41707
0.18082
-0.11972
-0.3786
-0.50473
-0.45313
-0.24073
0.058477
0.33873
0.50026
0.4855
0.29945
0.0072599
0.19762
0.28038
0.261
0.14781
-0.016684
-0.17248
-0.26437
-0.26099
-0.16474
-0.010716
0.14528
0.24678
0.2579
0.17651
0.033794
-0.11859
-0.22691
-0.25329
-0.18864
-0.056778
0.093571
0.20755
0.24541
0.19608
0.078619
-0.065548
-0.18548
-0.2372
-0.20137
-0.093361
0.043573
0.16065
0.22554
0.22795
0.16997
0.058044
-0.091017
-0.2386
-0.32793
-0.31059
-0.17871
0.023367
0.2184
0.33248
0.32527
0.20186
0.0075601
-0.18827
-0.3153
-0.32742
-0.22092
-0.036186
0.15855
0.29335
0.32126
0.23354
0.062358
-0.13009
-0.27376
-0.31695
-0.24565
-0.087628
0.099167
0.24789
0.30594
0.25321
0.10957
-0.071972
-0.2251
-0.29519
-0.25883
-0.13088
0.19806
0.28001
0.25996
0.14648
-0.017829
-0.17303
-0.26414
-0.26007
-0.16346
-0.0095406
0.14593
0.24668
0.25709
0.17529
0.032603
-0.11932
-0.22693
-0.2526
-0.18749
-0.05559
0.094372
0.20768
0.24483
0.19501
0.077444
-0.066408
-0.18572
-0.23675
-0.20039
-0.092222
0.044468
0.161
0.22523
0.22707
0.16876
0.056852
-0.091827
-0.23873
-0.32726
-0.30928
-0.17718
0.024574
0.21885
0.33201
0.32405
0.20034
0.0062835
-0.18886
-0.31499
-0.32633
-0.21944
-0.034847
0.15927
0.29322
0.32032
0.23213
0.060988
-0.13094
-0.27378
-0.31615
-0.24432
-0.08624
0.10011
0.24806
0.30528
0.25197
0.10818
-0.073002
-0.22541
-0.29468
-0.25769
-0.12951
-0.57831
0.1794
0.8742
1.2552
1.1844
0.68781
-0.054928
-0.77707
-1.2201
-1.2249
-0.78816
-0.06579
0.68157
1.1836
1.2597
0.8839
0.19147
-0.5701
-1.1278
-1.2793
-0.96782
-0.30577
0.46623
1.0698
1.2899
1.0486
0.42935
-0.34823
-1.0015
-1.2889
-1.1095
-0.54497
0.18466
0.82733
1.1976
1.216
0.89454
0.31448
-0.37808
-0.97997
-1.2802
-1.1483
-0.60977
0.14841
0.85072
1.2436
1.1887
0.7078
-0.027822
-0.75569
-1.2135
-1.2348
-0.81217
-0.09901
0.64802
1.1621
1.2598
0.90534
0.22469
-0.5374
-1.1058
-1.2759
-0.98774
-0.34564
0.42055
1.0368
1.2814
1.0653
0.4657
-0.30089
-0.9582
-1.2707
-0.58993
0.16444
0.8612
1.2487
1.1868
0.69823
-0.040228
-0.76329
-1.2122
-1.2256
-0.79722
-0.080032
0.66719
1.1742
1.2586
0.89145
0.20502
-0.55535
-1.1171
-1.2764
-0.97379
-0.31848
0.45129
1.0579
1.2853
1.0528
0.44097
-0.33335
-0.98864
-1.2826
-1.112
-0.55535
0.17009
0.81357
1.1892
1.2157
0.90247
0.32799
-0.36344
-0.96913
-1.2769
-1.1538
-0.62217
0.13353
0.83866
1.2386
1.1926
0.71921
-0.012954
-0.74262
-1.2068
-1.237
-0.82238
-0.11362
0.63419
1.154
1.2603
0.91422
0.23886
-0.52296
-1.0962
-1.2746
-0.99514
-0.35914
0.40573
1.0259
1.2783
1.0711
0.47837
-0.28589
-0.94619
-1.2659
-0.15943
0.13401
0.37772
0.48296
0.412
0.19243
-0.094135
-0.34345
-0.46643
-0.41991
-0.22134
0.056722
0.31232
0.45217
0.4269
0.24841
-0.016852
-0.27305
-0.42844
-0.42714
-0.27004
-0.015901
0.24084
0.40703
0.42527
0.29181
0.055168
-0.2
-0.38037
-0.41908
-0.30552
-0.090137
0.14401
0.3243
0.41385
0.40455
0.29721
0.099142
-0.15562
-0.39195
-0.51447
-0.45838
-0.23234
0.08025
0.36083
0.50722
0.46974
0.26365
-0.037877
-0.32701
-0.49802
-0.48746
-0.29973
-0.0048341
0.28962
0.47814
0.49368
0.33052
0.047353
-0.2525
-0.4591
-0.49762
-0.35572
-0.086357
0.21279
0.43405
0.49745
0.37991
0.12482
-0.17372
-0.40657
-0.49021
-0.15803
0.13174
0.3726
0.4768
0.40699
0.19033
-0.092602
-0.33883
-0.46038
-0.41455
-0.21856
0.05594
0.30828
0.4463
0.4213
0.24502
-0.016835
-0.26965
-0.42287
-0.42138
-0.26612
-0.015184
0.23812
0.40185
0.41946
0.2874
0.053705
-0.19801
-0.37566
-0.41333
-0.30076
-0.088014
0.14278
0.32014
0.40814
0.39922
0.29411
0.099415
-0.15196
-0.3861
-0.50847
-0.45437
-0.23176
0.077208
0.35524
0.50106
0.46517
0.2623
-0.035528
-0.32178
-0.49175
-0.48238
-0.29763
-0.0064508
0.28486
0.47192
0.48819
0.32771
0.048223
-0.24826
-0.453
-0.49181
-0.35226
-0.086457
0.20917
0.42818
0.49142
0.37586
0.12417
-0.17075
-0.40103
-0.48407
1.0664
0.8532
0.33327
-0.30668
-0.83589
-1.0638
-0.90947
-0.4299
0.20227
0.76071
1.0453
0.9536
0.51866
-0.1017
-0.68305
-1.0168
-0.98514
-0.60085
-0.0020438
0.59631
0.97844
1.0066
0.67275
0.10006
-0.50431
-0.92502
-1.0128
-0.73584
-0.19326
0.41643
0.87026
1.0109
0.80689
0.35028
-0.19938
-0.6802
-0.96561
-0.97588
-0.69048
-0.1716
0.4266
0.89574
1.0557
0.83788
0.31824
-0.31457
-0.83414
-1.0572
-0.90475
-0.42882
0.20254
0.76284
1.0498
0.96023
0.5271
-0.094622
-0.68376
-1.0302
-1.0087
-0.62547
-0.017531
0.59632
0.99568
1.0381
0.70893
0.12532
-0.50442
-0.95425
-1.0617
-0.78799
-0.23211
0.40568
1.0811
0.89282
0.38359
-0.26365
-0.81546
-1.0731
-0.94504
-0.47894
0.15726
0.73573
1.0492
0.98484
0.56602
-0.055192
-0.65392
-1.0153
-1.0116
-0.6457
-0.049279
0.56355
0.97179
1.0283
0.71489
0.14756
-0.46829
-0.91313
-1.0292
-0.77446
-0.24022
0.37802
0.85395
1.0221
0.84161
0.39703
-0.15529
-0.65251
-0.96356
-1.0014
-0.73677
-0.22402
0.38607
0.88176
1.0736
0.88123
0.37138
-0.27068
-0.81504
-1.0696
-0.94422
-0.48132
0.15572
0.7384
1.0563
0.99528
0.57803
-0.045985
-0.6547
-1.031
-1.0391
-0.67453
-0.067673
0.56295
0.99087
1.0635
0.75526
0.17611
-0.46728
-0.94397
-1.0819
-0.83126
-0.28298
0.36535
0.41149
0.28082
0.044772
-0.21245
-0.3964
-0.43754
-0.31845
-0.081144
0.18872
0.39332
0.45744
0.35533
0.12141
-0.16025
-0.3861
-0.47234
-0.38666
-0.15942
0.1282
0.37274
0.48438
0.41992
0.20101
-0.092292
-0.35228
-0.48479
-0.44237
-0.23881
0.055051
0.33225
0.48701
0.46045
0.27199
0.010681
-0.21451
-0.33287
-0.33647
-0.25935
-0.13926
0.00015458
0.13825
0.24168
0.27017
0.20197
0.054458
-0.11937
-0.25474
-0.30159
-0.24109
-0.09113
0.097921
0.25803
0.32793
0.27822
0.12425
-0.079608
-0.26025
-0.3515
-0.31715
-0.16527
0.05194
0.25557
0.36959
0.35014
0.2019
-0.023681
-0.24626
-0.38422
-0.38429
-0.24278
-0.0090711
0.23205
0.41189
0.28117
0.044906
-0.21259
-0.39676
-0.43796
-0.31875
-0.081201
0.18894
0.39374
0.45788
0.35562
0.12141
-0.16056
-0.3866
-0.47283
-0.38695
-0.15938
0.12857
0.37332
0.48495
0.42024
0.20095
-0.092729
-0.35293
-0.48542
-0.44273
-0.23874
0.055552
0.33302
0.48774
0.46088
0.27201
0.010453
-0.21473
-0.33295
-0.33653
-0.25965
-0.13995
-0.00077084
0.13746
0.24139
0.27051
0.20278
0.055413
-0.11863
-0.25448
-0.30186
-0.24178
-0.091962
0.097267
0.25778
0.32816
0.2788
0.12494
-0.079076
-0.26007
-0.35172
-0.31766
-0.16586
0.051507
0.25545
0.36981
0.35059
0.20239
-0.023361
-0.24622
-0.38448
-0.38471
-0.24319
-0.0092955
0.23209
0.033215
-0.027507
-0.080078
-0.10771
-0.10098
-0.060762
0.0010914
0.0646
0.10829
0.11706
0.087456
0.028353
-0.041907
-0.10058
-0.12723
-0.11111
-0.056177
0.019609
0.090945
0.13401
0.13372
0.088182
0.010537
-0.073558
-0.13431
-0.14966
-0.11394
-0.038591
0.052952
0.13111
0.16625
0.13913
0.055236
-0.048857
-0.11968
-0.11867
-0.049018
0.045539
0.11043
0.11457
0.063606
-0.012396
-0.0807
-0.11934
-0.1191
-0.081612
-0.018818
0.048647
0.097954
0.11321
0.091197
0.040864
-0.021161
-0.075571
-0.10531
-0.10082
-0.063894
-0.0073158
0.05018
0.090678
0.10223
0.081542
0.034877
-0.023124
-0.073661
-0.10032
-0.094831
-0.059319
-0.0048677
0.051864
0.093025
0.10483
0.023361
-0.04157
-0.093316
-0.11541
-0.10045
-0.052258
0.01448
0.078083
0.11709
0.11809
0.080399
0.01578
-0.05548
-0.11032
-0.12972
-0.10554
-0.044592
0.033057
0.10147
0.13789
0.12962
0.077631
-0.0026676
-0.084725
-0.13953
-0.14714
-0.10464
-0.025871
0.064521
0.13742
0.16512
0.13102
0.042851
-0.061574
-0.12875
-0.12109
-0.043571
0.057719
0.12578
0.12797
0.070209
-0.01518
-0.091986
-0.13505
-0.13356
-0.089659
-0.017653
0.058554
0.11305
0.1281
0.10057
0.041402
-0.029585
-0.089876
-0.12036
-0.11125
-0.066021
-0.0004209
0.063597
0.1058
0.11365
0.085223
0.029579
-0.035443
-0.088572
-0.1125
-0.09996
-0.055607
0.006304
0.06646
0.10583
0.11131
-0.8654
-0.56169
-0.061479
0.45661
0.80861
0.87116
0.62505
0.16072
-0.35552
-0.74092
-0.86059
-0.67453
-0.25144
0.25626
0.66771
0.83856
0.71158
0.33522
-0.15493
-0.58464
-0.80264
-0.73426
-0.40739
0.058814
0.49782
0.75529
0.74294
0.46875
0.033176
-0.40851
-0.70368
-0.75586
-0.55211
-0.15824
0.30632
0.69925
0.8877
0.78721
0.40275
-0.15154
-0.67969
-0.97929
-0.92983
-0.54609
0.030216
0.59024
0.93682
0.95127
0.63078
0.088852
-0.48259
-0.88035
-0.9636
-0.7051
-0.19936
0.3731
0.81026
0.95883
0.7675
0.30544
-0.26188
-0.73229
-0.93984
-0.81345
-0.40051
0.15121
0.64595
0.90889
0.8481
0.48744
-0.042625
-0.55281
-0.86802
-0.57029
-0.072945
0.44639
0.8033
0.87262
0.63273
0.17182
-0.34496
-0.73469
-0.8609
-0.68124
-0.26213
0.24545
0.66064
0.83773
0.71723
0.34532
-0.14403
-0.57685
-0.80075
-0.73892
-0.41689
0.047887
0.48937
0.7523
0.74646
0.4775
0.043961
-0.39958
-0.69977
-0.75825
-0.55989
-0.16889
0.29602
0.69233
0.88633
0.79216
0.41286
-0.13928
-0.6694
-0.97466
-0.9326
-0.55528
0.017953
0.57934
0.93116
0.95284
0.63902
0.1008
-0.47121
-0.87362
-0.96391
-0.71228
-0.21081
0.36149
0.80265
0.95792
0.7736
0.31635
-0.25009
-0.72385
-0.93774
-0.8184
-0.41072
0.13942
0.63681
0.90565
0.85191
0.4969
-0.03094
-0.54308
0.73551
1.0423
0.97637
0.56274
-0.049319
-0.64027
-0.99966
-1.0012
-0.64677
-0.064189
0.53818
0.94565
1.0139
0.72061
0.17304
-0.432
-0.87917
-1.0108
-0.78191
-0.27585
0.32541
0.80673
0.99758
0.83287
0.37428
-0.21342
-0.72079
-0.96732
-0.86654
-0.45849
0.10669
0.62963
0.93815
0.94215
0.64825
0.144
-0.42716
-0.89286
-1.0917
-0.93071
-0.43875
0.22326
0.81604
1.1188
1.0196
0.55656
-0.1019
-0.72126
-1.0828
-1.0587
-0.65742
-0.022575
0.61792
1.035
1.0814
0.74259
0.14074
-0.50957
-0.9767
-1.0943
-0.82128
-0.25686
0.39612
0.90476
1.089
0.88487
0.36618
-0.2812
-0.82574
-1.0734
-0.9375
-0.46871
0.74958
1.0606
0.99217
0.57025
-0.052811
-0.65339
-1.0175
-1.0173
-0.65518
-0.061914
0.55027
0.96307
1.0302
0.72984
0.17187
-0.44304
-0.89596
-1.0272
-0.79191
-0.27578
0.33551
0.82308
1.0141
0.84361
0.37538
-0.22227
-0.73633
-0.98381
-0.87781
-0.46036
0.11471
0.64436
0.95453
0.95556
0.65581
0.14432
-0.43453
-0.90728
-1.1104
-0.94851
-0.44944
0.22403
0.82834
1.1381
1.0388
0.56856
-0.10137
-0.73232
-1.1014
-1.0781
-0.6705
-0.02458
0.62762
1.0528
1.1006
0.75628
0.14393
-0.51803
-0.99369
-1.1135
-0.83573
-0.26128
0.40325
0.92073
1.108
0.89982
0.37169
-0.28712
-0.84086
-1.0921
-0.95294
-0.47527
-1.4134
-2.0572
-1.9686
-1.1784
0.031907
1.2295
1.9869
2.035
1.3585
0.1991
-1.0306
-1.8928
-2.0796
-1.5244
-0.42701
0.81931
1.7702
2.0885
1.6625
0.6441
-0.60354
-1.6344
-2.0802
-1.7837
-0.85446
0.37441
1.4659
2.0325
1.872
1.0431
-0.15322
-1.2872
-1.9667
-1.9798
-1.3504
-0.3
0.84164
1.7277
2.0758
1.7483
0.81985
-0.41261
-1.5161
-2.0855
-1.9086
-1.0496
0.18124
1.3461
2.0346
2.0029
1.2595
0.066501
-1.1508
-1.9572
-2.0658
-1.4398
-0.30232
0.94355
1.8556
2.1083
1.6098
0.53767
-0.72512
-1.7286
-2.1165
-1.7518
-0.7636
0.4974
1.5819
2.1022
1.8728
0.97654
-1.4129
-2.0565
-1.9678
-1.1778
0.032061
1.2292
1.9862
2.0342
1.3578
0.19882
-1.0305
-1.8922
-2.0788
-1.5237
-0.42661
0.81928
1.7697
2.0878
1.6618
0.6436
-0.60365
-1.6341
-2.0795
-1.783
-0.85387
0.37466
1.4658
2.0319
1.8713
1.0424
-0.15361
-1.2872
-1.9662
-1.979
-1.3497
-0.29967
0.84144
1.727
2.075
1.7476
0.81961
-0.41231
-1.5154
-2.0846
-1.9078
-1.0492
0.18108
1.3455
2.0337
2.0021
1.259
0.066525
-1.1503
-1.9564
-2.065
-1.4392
-0.30221
0.94317
1.8549
2.1074
1.6091
0.53742
-0.72487
-1.7279
-2.1157
-1.7511
-0.76324
0.49728
1.5813
2.1014
1.8721
0.97607
-1.095
-0.94074
-0.45287
0.19706
0.77887
1.0855
1.0074
0.57227
-0.065986
-0.68189
-1.0577
-1.0595
-0.6854
-0.067133
0.5756
1.0143
1.0936
0.78567
0.19909
-0.45945
-0.95674
-1.1153
-0.87774
-0.32888
0.33558
0.8803
1.1136
0.95286
0.45291
-0.21076
-0.80112
-1.1057
-1.018
-0.57767
0.050779
0.64686
1.0143
1.04
0.7206
0.1606
-0.45527
-0.91591
-1.0562
-0.82183
-0.29435
0.33812
0.85133
1.0653
0.90521
0.42634
-0.20445
-0.7649
-1.0558
-0.97311
-0.54601
0.074576
0.67013
1.031
1.0291
0.66324
0.061545
-0.56326
-0.98953
-1.0662
-0.76603
-0.19436
0.44781
0.9337
1.0904
0.86094
0.32585
-0.32541
-1.0955
-0.955
-0.4757
0.17384
0.76349
1.0833
1.019
0.59343
-0.04286
-0.66501
-1.053
-1.0686
-0.70478
-0.089903
0.55754
1.0073
1.1
0.80309
0.22123
-0.44052
-0.94773
-1.1193
-0.89321
-0.35023
0.31595
0.86934
1.1151
0.96624
0.47315
-0.19095
-0.78864
-1.1047
-1.0291
-0.59784
0.027369
0.62748
1.0059
1.0468
0.7418
0.18976
-0.42824
-0.90083
-1.0586
-0.8407
-0.32274
0.31044
0.83414
1.0645
0.92097
0.45284
-0.17673
-0.74581
-1.0519
-0.98564
-0.57025
0.047369
0.64962
1.0244
1.0385
0.68522
0.088105
-0.54156
-0.98028
-1.0725
-0.78546
-0.21988
0.4253
0.92216
1.0938
0.87784
0.35014
-0.30239
-1.8763
-1.8106
-1.0968
0.0066449
1.1021
1.7973
1.847
1.2384
0.19186
-0.91806
-1.6949
-1.8615
-1.3608
-0.37658
0.73548
1.5782
1.8541
1.4681
0.55943
-0.54573
-1.4501
-1.8301
-1.5544
-0.72804
0.35099
1.2996
1.781
1.6215
0.87834
-0.17465
-1.1534
-1.7201
-1.7091
-1.1587
-0.25514
0.74565
1.5701
1.9634
1.7532
0.94321
-0.23189
-1.3603
-2.0164
-1.9471
-1.1772
0.0089399
1.1839
1.9314
1.9877
1.3329
0.20192
-0.99703
-1.8319
-2.0056
-1.461
-0.397
0.8054
1.7167
2.0109
1.5839
0.59205
-0.60535
-1.5787
-1.9824
-1.6759
-0.77125
0.40665
1.4348
1.9449
1.7567
0.94248
-0.20262
-1.8687
-1.8164
-1.1139
-0.015507
1.0829
1.7878
1.8506
1.2536
0.21325
-0.89819
-1.6837
-1.8629
-1.3743
-0.39719
0.71513
1.5653
1.8532
1.4794
0.57886
-0.52522
-1.4359
-1.8273
-1.5638
-0.74628
0.33047
1.2841
1.776
1.6287
0.89512
-0.15439
-1.1369
-1.7131
-1.7136
-1.1731
-0.2753
0.72541
1.5556
1.9594
1.7619
0.96267
-0.20783
-1.3401
-2.0075
-1.9527
-1.1952
-0.014794
1.1629
1.9206
1.991
1.3491
0.2252
-0.97511
-1.8192
-2.0066
-1.4753
-0.41936
0.783
1.7023
2.0096
1.5962
0.61342
-0.58266
-1.5628
-1.979
-1.6861
-0.79133
0.38388
1.4176
1.9393
1.7647
0.96112
-0.18011
1.0534
1.0374
0.6455
0.012505
-0.63598
-1.0639
-1.1119
-0.75728
-0.12301
0.56567
1.0609
1.1801
0.87322
0.24467
-0.48125
-1.0417
-1.2317
-0.97832
-0.36705
0.38714
1.0132
1.2808
1.087
0.49735
-0.27732
-0.95977
-1.3046
-1.1824
-0.62696
0.1657
0.89985
1.2961
1.2172
0.73082
0.063074
-0.52826
-0.87322
-0.92796
-0.73494
-0.36826
0.083641
0.50693
0.76927
0.76721
0.48501
0.016633
-0.46841
-0.79315
-0.83865
-0.58385
-0.11311
0.40922
0.79416
0.89752
0.676
0.20471
-0.34995
-0.78957
-0.95316
-0.77508
-0.31201
0.27347
0.77022
0.9961
0.86499
0.41837
-0.18827
-0.73866
-1.0318
-0.95548
-0.53072
0.093717
1.0664
1.0482
0.65025
0.0095212
-0.64564
-1.0769
-1.1236
-0.7636
-0.12174
0.57408
1.0735
1.1925
0.88102
0.24516
-0.48824
-1.0537
-1.2445
-0.98749
-0.36932
0.39258
1.0245
1.2939
1.0974
0.50138
-0.28108
-0.97002
-1.3178
-1.1938
-0.63271
0.1677
0.90891
1.3091
1.2295
0.73809
0.062797
-0.53594
-0.88551
-0.94048
-0.74324
-0.36943
0.089988
0.51852
0.78199
0.77656
0.48768
0.011661
-0.47928
-0.80609
-0.8491
-0.58809
-0.10965
0.41918
0.80709
0.90888
0.68176
0.20284
-0.35881
-0.80228
-0.96525
-0.78228
-0.31178
0.28105
0.78249
1.0087
0.87353
0.41981
-0.19444
-0.75027
-1.0447
-0.96522
-0.53382
0.098346
-0.19475
0.51932
1.0462
1.1955
0.91397
0.30502
-0.41023
-0.97477
-1.1877
-0.97398
-0.41058
0.29973
0.90041
1.1751
1.0271
0.51322
-0.18051
-0.80629
-1.1413
-1.0656
-0.60651
0.068739
0.71507
1.1014
1.0937
0.69831
0.055744
-0.60587
-1.0477
-1.1088
-0.77379
-0.17862
0.45553
0.92276
1.1033
0.97265
0.57317
-0.0031869
-0.61094
-1.0604
-1.1752
-0.88138
-0.26415
0.45425
1.0076
1.1944
0.95023
0.36372
-0.35648
-0.95241
-1.2069
-1.0252
-0.4723
0.25049
0.8821
1.1962
1.0801
0.57429
-0.14031
-0.80542
-1.1794
-1.127
-0.66865
0.029533
0.71663
1.1462
1.1631
0.76041
0.083584
-0.62187
-1.101
-1.1826
-0.21521
0.50241
1.0388
1.2003
0.92917
0.32509
-0.39246
-0.96558
-1.1903
-0.98733
-0.42989
0.2814
0.88958
1.1755
1.0386
0.5315
-0.1619
-0.79394
-1.1395
-1.0749
-0.62351
0.050182
0.70155
1.0976
1.1008
0.71372
0.073986
-0.59127
-1.0419
-1.1137
-0.78749
-0.19615
0.44012
0.91439
1.1046
0.9834
0.59054
0.015661
-0.59679
-1.0561
-1.1828
-0.89844
-0.28466
0.43766
1.0009
1.1999
0.96603
0.38426
-0.33851
-0.94347
-1.2103
-1.0396
-0.49269
0.23145
0.8712
1.1973
1.0929
0.59423
-0.12038
-0.79264
-1.1783
-1.1381
-0.68776
0.0091591
0.70226
1.1429
1.1722
0.77852
0.10422
-0.60609
-1.0957
-1.1896
-0.49751
-0.56741
-0.43512
-0.1475
0.19277
0.46413
0.57006
0.47328
0.20841
-0.13054
-0.42306
-0.56475
-0.50494
-0.2653
0.068131
0.37645
0.55044
0.52874
0.31907
-0.004131
-0.32548
-0.53001
-0.5452
-0.36691
-0.05956
0.26787
0.49984
0.55377
0.4097
0.11954
-0.21082
-0.4625
-0.55016
-0.45148
-0.20768
0.098565
0.37173
0.52797
0.51538
0.33151
0.031603
-0.28334
-0.50099
-0.54146
-0.3891
-0.098067
0.22852
0.4754
0.55493
0.43773
0.16423
-0.16866
-0.44215
-0.55869
-0.47679
-0.22523
0.10732
0.4031
0.55652
0.51215
0.28523
-0.043459
-0.35692
-0.54377
-0.53755
-0.33996
-0.020664
0.30682
0.52549
0.5571
0.39043
0.084963
-0.48415
-0.56485
-0.44425
-0.16498
0.17325
0.4496
0.56572
0.48062
0.22474
-0.11113
-0.40759
-0.5588
-0.51062
-0.28052
0.048899
0.36013
0.54288
0.53262
0.33295
0.014706
-0.30853
-0.52109
-0.54748
-0.3795
-0.077903
0.25038
0.48951
0.55435
0.42095
0.13728
-0.19302
-0.45078
-0.54817
-0.45959
-0.22341
0.079505
0.35448
0.5176
0.51559
0.34302
0.051164
-0.26227
-0.4859
-0.53778
-0.39809
-0.11637
0.20754
0.45928
0.54942
0.4448
0.1813
-0.14776
-0.42495
-0.55134
-0.48185
-0.24082
0.086829
0.38508
0.54744
0.51524
0.29932
-0.023499
-0.33828
-0.53314
-0.5387
-0.35244
-0.039952
0.28769
0.51339
0.55635
0.40123
0.10336
-0.47379
0.22311
0.84504
1.1691
1.0766
0.59855
-0.094721
-0.75553
-1.1485
-1.1332
-0.71316
-0.035134
0.65983
1.1218
1.1837
0.82284
0.16818
-0.54771
-1.071
-1.2143
-0.92315
-0.29869
0.43529
1.0143
1.2315
1.011
0.43064
-0.30672
-0.94032
-1.2398
-1.0926
-0.55526
0.16592
0.80523
1.1505
1.1156
0.74334
0.16367
-0.45113
-0.91956
-1.0886
-0.88711
-0.37003
0.28446
0.83961
1.0945
0.95977
0.48493
-0.16341
-0.75811
-1.0874
-1.0303
-0.60387
0.040265
0.67195
1.0667
1.0846
0.71751
0.092673
-0.56928
-1.0313
-1.1261
-0.81867
-0.21805
0.46276
0.9826
1.1559
0.9181
0.35079
-0.34466
-0.91917
-1.1668
-0.48674
0.21233
0.84022
1.1719
1.0861
0.61133
-0.083148
-0.74924
-1.1497
-1.1415
-0.72559
-0.047328
0.65217
1.1214
1.1907
0.83478
0.18083
-0.53882
-1.069
-1.22
-0.93443
-0.31163
0.42527
1.0108
1.2357
1.0215
0.44367
-0.29579
-0.93536
-1.2425
-1.1021
-0.56837
0.15384
0.79843
1.1515
1.1241
0.75657
0.17709
-0.44219
-0.91826
-1.0955
-0.89974
-0.38401
0.27407
0.83648
1.0997
0.97134
0.49877
-0.1522
-0.75344
-1.0909
-1.0406
-0.61738
0.028351
0.66581
1.0685
1.0936
0.7305
0.1051
-0.56179
-1.0313
-1.1337
-0.83101
-0.23082
0.45403
0.98097
1.1619
0.92961
0.36374
-0.33483
-0.91591
-1.1712
0.66427
0.47076
0.10882
-0.29232
-0.58907
-0.67493
-0.51901
-0.17731
0.22767
0.55102
0.67716
0.56086
0.24352
-0.16123
-0.50814
-0.67265
-0.59589
-0.30556
0.094259
0.4604
0.6616
0.62556
0.36517
-0.025901
-0.4071
-0.64162
-0.64526
-0.41662
-0.038113
0.35356
0.61835
0.66604
0.48817
0.15463
-0.22024
-0.52081
-0.66188
-0.60389
-0.35907
0.0061264
0.37926
0.63166
0.66654
0.46353
0.092793
-0.31108
-0.60205
-0.677
-0.5108
-0.1631
0.24272
0.56199
0.68012
0.55453
0.2306
-0.17524
-0.518
-0.67582
-0.59261
-0.29781
0.10347
0.46759
0.66409
0.62283
0.35898
-0.032962
-0.41317
-0.64596
-0.64797
-0.41817
-0.038765
0.35427
0.66191
0.46879
0.10794
-0.29178
-0.58729
-0.67254
-0.51688
-0.1762
0.22736
0.54939
0.67479
0.55859
0.24218
-0.16116
-0.50667
-0.67031
-0.5935
-0.30399
0.094443
0.45912
0.65932
0.62308
0.36339
-0.026343
-0.40605
-0.63943
-0.64272
-0.41465
-0.037415
0.35272
0.61628
0.66349
0.48604
0.1536
-0.21994
-0.51935
-0.65978
-0.60178
-0.35755
0.0066125
0.37857
0.63
0.66447
0.46179
0.092012
-0.31061
-0.60048
-0.67489
-0.5089
-0.1621
0.24245
0.56055
0.67801
0.55251
0.2294
-0.17518
-0.51669
-0.67372
-0.59046
-0.29639
0.10364
0.46645
0.66203
0.62059
0.35737
-0.033362
-0.4122
-0.64397
-0.64565
-0.41636
-0.038127
0.3535
0.31944
0.65639
0.75593
0.58375
0.20398
-0.24455
-0.60021
-0.73754
-0.61054
-0.26702
0.16899
0.54079
0.71522
0.63161
0.32365
-0.095021
-0.4739
-0.67933
-0.64016
-0.37212
0.026939
0.41192
0.64445
0.64428
0.41626
0.044901
-0.33707
-0.5939
-0.63405
-0.4454
-0.10087
0.27392
0.55542
0.66587
0.58345
0.32859
-0.045348
-0.44654
-0.74685
-0.81952
-0.60531
-0.16133
0.35073
0.73557
0.85041
0.65877
0.23486
-0.26932
-0.67619
-0.84126
-0.70465
-0.31593
0.18283
0.61103
0.81676
0.72964
0.38293
-0.099025
-0.54359
-0.79097
-0.75302
-0.44591
0.017284
0.46967
0.7507
0.76177
0.50027
0.061085
-0.3968
-0.70836
-0.76334
-0.54531
0.33788
0.66761
0.75599
0.57265
0.18569
-0.26351
-0.6131
-0.73978
-0.60136
-0.24973
0.18823
0.55515
0.71962
0.62451
0.30759
-0.1143
-0.48953
-0.68576
-0.63513
-0.35745
0.046017
0.42863
0.65288
0.64143
0.40318
0.026273
-0.35457
-0.60403
-0.63325
-0.43402
-0.082904
0.29229
0.568
0.66848
0.57517
0.31199
-0.065027
-0.46294
-0.75447
-0.81558
-0.59088
-0.1412
0.36954
0.74636
0.84929
0.64615
0.21531
-0.28879
-0.68866
-0.84231
-0.69395
-0.2973
0.20274
0.62512
0.82001
0.72095
0.36543
-0.11908
-0.55906
-0.79637
-0.74646
-0.42974
0.037276
0.48636
0.75815
0.75738
0.48564
0.041433
-0.41447
-0.71778
-0.76118
-0.53236
0.022131
-0.18709
-0.33232
-0.36322
-0.2686
-0.080086
0.13811
0.31051
0.37651
0.3121
0.13872
-0.084236
-0.28013
-0.38101
-0.35058
-0.19727
0.027318
0.24549
0.38074
0.385
0.25537
0.035005
-0.20107
-0.37069
-0.41274
-0.30984
-0.095986
0.15498
0.35562
0.43506
0.36283
0.16075
-0.1005
-0.32302
-0.41923
-0.35136
-0.15082
0.09649
0.29177
0.36646
0.30422
0.13694
-0.073693
-0.25673
-0.35097
-0.32319
-0.18143
0.024861
0.22208
0.34036
0.33894
0.21926
0.023099
-0.18167
-0.32357
-0.35243
-0.25782
-0.073205
0.1365
0.29839
0.35666
0.29112
0.12402
-0.086925
-0.26814
-0.35622
-0.32052
-0.17364
0.033643
0.23004
0.34772
0.34532
0.0025941
-0.23253
-0.38738
-0.40816
-0.28734
-0.066006
0.17987
0.36496
0.42417
0.33594
0.13023
-0.12201
-0.33362
-0.43102
-0.37926
-0.19447
0.060496
0.29714
0.43237
0.41809
0.25804
0.0063418
-0.25072
-0.42355
-0.45002
-0.31831
-0.072646
0.20176
0.40898
0.47574
0.3764
0.14286
-0.14322
-0.3763
-0.46654
-0.37864
-0.1498
0.12637
0.34238
0.42222
0.34642
0.1505
-0.093968
-0.30363
-0.40751
-0.36899
-0.20013
0.03988
0.26547
0.39663
0.38796
0.24345
0.013866
-0.22088
-0.37862
-0.40359
-0.2868
-0.06965
0.17132
0.35198
0.40978
0.32475
0.12621
-0.11686
-0.31944
-0.4105
-0.35836
-0.1815
0.058555
0.27872
0.40266
0.38689
0.77374
-0.054339
-0.86191
-1.3623
-1.3783
-0.90527
-0.11307
0.71632
1.2894
1.4043
1.0211
0.27608
-0.56601
-1.2057
-1.4165
-1.1252
-0.43689
0.40415
1.1005
1.4059
1.2119
0.58782
-0.24361
-0.98666
-1.3788
-1.2829
-0.73332
0.075899
0.85805
1.3351
1.3397
0.87652
0.11462
-0.68358
-1.258
-1.4296
-1.1429
-0.47804
0.3634
1.1046
1.4799
1.3387
0.718
-0.16193
-0.98197
-1.4475
-1.3958
-0.84893
-0.0020399
0.84466
1.3899
1.4388
0.97459
0.16478
-0.70062
-1.3143
-1.4599
-1.0871
-0.32863
0.54516
1.2227
1.4631
1.1825
0.48301
-0.3858
-1.1158
-1.4486
-1.2665
-0.63496
0.22019
0.99414
1.4125
0.80271
-0.024944
-0.84254
-1.3599
-1.3938
-0.9333
-0.14369
0.69403
1.2834
1.4169
1.0479
0.30757
-0.54099
-1.1962
-1.4259
-1.1503
-0.46887
0.37671
1.0875
1.412
1.2351
0.62
-0.21396
-0.97015
-1.3815
-1.3039
-0.76525
0.044422
0.83834
1.3343
1.3581
0.90757
0.14729
-0.66048
-1.2519
-1.4418
-1.1688
-0.50878
0.33771
1.0921
1.4845
1.3588
0.74666
-0.13472
-0.96587
-1.4483
-1.4132
-0.87675
-0.030404
0.82578
1.3872
1.4533
1.0011
0.19396
-0.67914
-1.3081
-1.4713
-1.112
-0.35829
0.52127
1.2131
1.4711
1.2055
0.51279
-0.3598
-1.1028
-1.4533
-1.2872
-0.66452
0.19233
0.97788
1.4137
0.35417
1.1886
1.5974
1.4366
0.76627
-0.17265
-1.0461
-1.5456
-1.4956
-0.91495
-0.010603
0.8948
1.479
1.5362
1.0492
0.19297
-0.72912
-1.3909
-1.5575
-1.1694
-0.36614
0.56439
1.2915
1.5601
1.2775
0.54326
-0.3843
-1.1743
-1.5421
-1.358
-0.69722
0.19746
1.0188
1.5064
1.5165
1.044
0.21812
-0.71728
-1.4556
-1.7241
-1.3987
-0.57481
0.45677
1.3223
1.7106
1.4864
0.73334
-0.27908
-1.1902
-1.6745
-1.5597
-0.88925
0.093994
1.0378
1.6074
1.6024
1.0265
0.086201
-0.88183
-1.5317
-1.6332
-1.1538
-0.26736
0.70969
1.4305
1.6398
1.2644
0.44025
-0.53686
-1.3184
-1.6281
-1.3592
0.35216
1.1832
1.5906
1.4309
0.7638
-0.17092
-1.0408
-1.5388
-1.4898
-0.91228
-0.01207
0.88974
1.4722
1.5302
1.0463
0.1942
-0.7243
-1.3843
-1.5516
-1.1664
-0.36721
0.55969
1.285
1.5542
1.2745
0.5441
-0.37988
-1.168
-1.5363
-1.3549
-0.69798
0.19328
1.0129
1.5007
1.5123
1.0418
0.21818
-0.71489
-1.4509
-1.7178
-1.3927
-0.57124
0.45646
1.3181
1.7041
1.48
0.72938
-0.2792
-1.1863
-1.6682
-1.553
-0.88476
0.094645
1.0344
1.6012
1.5957
1.0217
0.0851
-0.87879
-1.5256
-1.6263
-1.1487
-0.26586
0.70701
1.4246
1.6329
1.259
0.43836
-0.53452
-1.3127
-1.6212
-1.3536
-1.4442
-1.2302
-0.57816
0.28062
1.0402
1.4296
1.3105
0.72587
-0.11633
-0.91741
-1.3928
-1.3727
-0.8633
-0.046322
0.78653
1.3388
1.4148
0.98826
0.2101
-0.6436
-1.2685
-1.4409
-1.0998
-0.36829
0.49219
1.1766
1.4428
1.195
0.51949
-0.34215
-1.0794
-1.4308
-1.283
-0.70473
0.09555
0.85396
1.3351
1.3907
0.99616
0.26556
-0.56607
-1.2108
-1.4327
-1.1452
-0.44902
0.40612
1.1162
1.4312
1.2403
0.60978
-0.2384
-1.0028
-1.4106
-1.3165
-0.75495
0.074595
0.87858
1.3724
1.3799
0.89711
0.09502
-0.74074
-1.3128
-1.4185
-1.0206
-0.25971
0.59479
1.2393
1.4438
1.1348
0.42254
-0.43946
-1.4402
-1.2269
-0.57676
0.27965
1.0372
1.4256
1.307
0.7241
-0.11578
-0.91476
-1.389
-1.3691
-0.86119
-0.046455
0.78422
1.3351
1.4111
0.98585
0.20981
-0.64166
-1.265
-1.4372
-1.0971
-0.36761
0.49064
1.1734
1.4391
1.1921
0.51844
-0.34098
-1.0764
-1.4271
-1.2799
-0.70313
0.095108
0.85158
1.3314
1.3869
0.99337
0.26481
-0.56445
-1.2073
-1.4286
-1.1419
-0.44775
0.40494
1.113
1.4271
1.2368
0.60808
-0.23767
-0.9999
-1.4065
-1.3128
-0.75286
0.074305
0.87603
1.3685
1.376
0.89466
0.094863
-0.73856
-1.3091
-1.4146
-1.0178
-0.25913
0.59299
1.2358
1.4398
1.1318
0.42153
-0.43808
-0.18053
-0.46759
-0.58439
-0.48801
-0.21397
0.13687
0.43651
0.57683
0.50774
0.25427
-0.091965
-0.40479
-0.56958
-0.52645
-0.29245
0.04615
0.36665
0.55366
0.53926
0.32778
-0.003844
-0.33348
-0.54032
-0.55064
-0.36287
-0.045057
0.28939
0.51897
0.55717
0.38943
0.08362
-0.24018
-0.46825
-0.54233
-0.46714
-0.28135
-0.028304
0.24579
0.47667
0.58416
0.50765
0.25129
-0.10131
-0.41928
-0.58302
-0.53332
-0.29019
0.058206
0.38686
0.57654
0.55696
0.33458
-0.0087738
-0.34732
-0.55855
-0.56684
-0.36932
-0.036969
0.30961
0.5436
0.57931
0.4044
0.083513
-0.26663
-0.51958
-0.58379
-0.43546
-0.12826
0.22546
0.49622
0.58575
0.46259
-0.18408
-0.47009
-0.58482
-0.48608
-0.21032
0.1409
0.43936
0.57734
0.50562
0.25021
-0.096485
-0.40807
-0.5703
-0.52421
-0.28799
0.051187
0.37035
0.55456
0.53691
0.32294
-0.0094662
-0.33777
-0.54159
-0.54831
-0.35772
-0.038977
0.29414
0.52055
0.55484
0.38389
0.076895
-0.24554
-0.47037
-0.54097
-0.46365
-0.27766
-0.025653
0.24738
0.47782
0.58523
0.50834
0.25103
-0.10267
-0.42125
-0.58473
-0.53403
-0.28963
0.05981
0.38892
0.57828
0.55765
0.33389
-0.010602
-0.34955
-0.56026
-0.56733
-0.36834
-0.034836
0.31211
0.54548
0.57977
0.40319
0.081049
-0.2694
-0.52156
-0.58416
-0.43399
-0.12541
0.22863
0.49846
0.58613
0.46087
-1.1
-1.3408
-1.1024
-0.47292
0.31992
0.99238
1.3069
1.1555
0.59554
-0.1719
-0.87281
-1.2578
-1.1919
-0.70285
0.03114
0.74758
1.1934
1.2127
0.80084
0.10668
-0.62008
-1.1198
-1.2176
-0.88385
-0.24088
0.48254
1.0297
1.2054
0.94794
0.35544
-0.35479
-0.93624
-1.2057
-1.0918
-0.6326
0.048893
0.76533
1.2915
1.4239
1.0706
0.32072
-0.56538
-1.2579
-1.4973
-1.1986
-0.47557
0.41001
1.1442
1.4683
1.2679
0.61611
-0.25117
-1.0218
-1.4218
-1.3127
-0.73755
0.096739
0.89233
1.3656
1.3492
0.85246
0.056772
-0.75209
-1.2871
-1.3606
-0.94941
-0.20236
0.61215
1.2029
1.361
1.0345
0.34365
-1.1111
-1.3495
-1.1055
-0.46931
0.32886
1.0033
1.3159
1.1593
0.59271
-0.18022
-0.88353
-1.267
-1.1961
-0.70063
0.038949
0.75809
1.2027
1.2175
0.79931
0.099416
-0.63038
-1.1293
-1.2228
-0.88291
-0.23416
0.49258
1.0394
1.2111
0.94751
0.34909
-0.36462
-0.94605
-1.2124
-1.0939
-0.62985
0.055935
0.77552
1.3028
1.4333
1.0748
0.31778
-0.57493
-1.2707
-1.5088
-1.2045
-0.47394
0.41855
1.1565
1.4798
1.2745
0.61543
-0.25884
-1.0336
-1.4333
-1.3198
-0.73772
0.10354
0.90357
1.3772
1.3569
0.85347
0.050846
-0.76271
-1.2985
-1.3686
-0.95116
-0.19723
0.62225
1.2142
1.3695
1.0369
0.33935
0.48985
0.18995
-0.18752
-0.50506
-0.64253
-0.54362
-0.24042
0.15713
0.50299
0.66926
0.59186
0.29384
-0.12003
-0.49806
-0.69759
-0.64089
-0.34601
0.080779
0.48497
0.71844
0.69139
0.40734
-0.033027
-0.46667
-0.73144
-0.72882
-0.45805
-0.013356
0.44724
0.75245
0.78201
0.52568
0.098718
-0.31348
-0.55727
-0.58804
-0.46502
-0.27815
-0.080534
0.11546
0.29342
0.403
0.38407
0.21979
-0.036516
-0.28516
-0.43056
-0.42018
-0.25745
0.0031565
0.27094
0.4463
0.45856
0.298
0.022121
-0.26782
-0.46583
-0.49807
-0.34795
-0.06452
0.25077
0.47981
0.53412
0.39033
0.098747
-0.23615
-0.49264
-0.57395
-0.44426
-0.14577
0.21355
0.50013
0.47574
0.17553
-0.19718
-0.50649
-0.63515
-0.52996
-0.22526
0.16846
0.50647
0.66359
0.57895
0.27814
-0.13298
-0.50366
-0.69379
-0.62897
-0.33014
0.095053
0.4926
0.71665
0.68069
0.39142
-0.048554
-0.4763
-0.73175
-0.71966
-0.44259
0.0030547
0.45879
0.75489
0.77431
0.51061
0.081896
-0.32585
-0.56094
-0.58228
-0.45255
-0.26378
-0.069308
0.11989
0.28978
0.39273
0.37085
0.2083
-0.042197
-0.28301
-0.42129
-0.40698
-0.24485
0.010767
0.27087
0.43851
0.44574
0.28463
0.012889
-0.26967
-0.4596
-0.48587
-0.33398
-0.053665
0.25467
0.47533
0.52278
0.37607
0.086538
-0.24202
-0.49005
-0.56372
-0.42991
-0.13232
0.22134
0.49948
-0.54693
0.034485
0.60784
0.96436
0.97215
0.62692
0.054106
-0.53869
-0.93784
-0.99918
-0.69838
-0.14137
0.47084
0.91453
1.0273
0.7688
0.23297
-0.38786
-0.8712
-1.0414
-0.83318
-0.31983
0.31118
0.82926
1.0481
0.89095
0.41272
-0.21927
-0.77773
-1.0541
-0.94464
-0.50123
0.092517
0.61601
0.91472
0.94274
0.73344
0.3502
-0.12767
-0.58729
-0.88348
-0.89152
-0.58221
-0.056711
0.49105
0.85874
0.91519
0.64231
0.1363
-0.424
-0.8359
-0.94622
-0.71181
-0.21768
0.35643
0.80374
0.96351
0.77627
0.30609
-0.27874
-0.76507
-0.97441
-0.83017
-0.38463
0.2021
0.71953
0.98028
0.88714
0.47093
-0.11811
-0.66541
-0.97219
-0.54389
0.044446
0.62116
0.97619
0.97814
0.62482
0.0446
-0.55216
-0.95039
-1.0062
-0.69725
-0.13239
0.48446
0.92785
1.0355
0.76875
0.2247
-0.40138
-0.88509
-1.0505
-0.83421
-0.31227
0.32462
0.8437
1.0583
0.89319
0.40611
-0.23241
-0.79265
-1.0653
-0.94807
-0.4959
0.10421
0.6297
0.92611
0.94918
0.73414
0.34567
-0.13615
-0.5977
-0.89299
-0.89708
-0.58172
-0.050148
0.50137
0.86901
0.92161
0.64245
0.13002
-0.43454
-0.8469
-0.95364
-0.71285
-0.21187
0.36704
0.81531
0.97181
0.7782
0.30085
-0.28936
-0.77722
-0.98363
-0.83304
-0.38002
0.2126
0.73215
0.99041
0.89104
0.46707
-0.12839
-0.67841
-0.98316
-0.10716
-0.50911
-0.73663
-0.71046
-0.43782
-0.011079
0.42253
0.71166
0.75463
0.53558
0.12943
-0.3245
-0.66958
-0.78474
-0.62695
-0.24847
0.21982
0.61465
0.79837
0.70622
0.36762
-0.10305
-0.5431
-0.79688
-0.77243
-0.47676
-0.012778
0.4596
0.77861
0.83145
0.59071
0.13128
-0.38276
-0.75188
-0.82508
-0.57366
-0.10804
0.37664
0.69242
0.73422
0.50597
0.1019
-0.33394
-0.65276
-0.74539
-0.57889
-0.21103
0.22871
0.58641
0.73887
0.635
0.31125
-0.12091
-0.51194
-0.7255
-0.68708
-0.41072
0.0068349
0.42114
0.68971
0.71983
0.50021
0.10607
-0.32586
-0.64536
-0.74174
-0.58197
-0.22099
0.21748
0.58241
0.74676
0.65212
-0.11211
-0.51044
-0.73387
-0.70464
-0.43106
-0.0058277
0.42438
0.70946
0.7492
0.5289
0.12393
-0.32682
-0.6679
-0.77968
-0.62037
-0.24274
0.22262
0.61351
0.79373
0.69977
0.36172
-0.10625
-0.54247
-0.79265
-0.76615
-0.47071
-0.0091759
0.45944
0.77476
0.82534
0.58454
0.12712
-0.38367
-0.74939
-0.81994
-0.56719
-0.10184
0.38085
0.69323
0.73106
0.4996
0.094356
-0.34
-0.65512
-0.7432
-0.57299
-0.2036
0.23497
0.58925
0.73728
0.62958
0.30399
-0.12739
-0.51529
-0.72453
-0.68217
-0.40369
0.013452
0.42495
0.68935
0.71546
0.49343
0.099357
-0.33009
-0.64558
-0.7379
-0.57549
-0.21422
0.22209
0.5832
0.74347
0.64597
1.2567
1.6838
1.5117
0.80383
-0.18585
-1.1042
-1.6258
-1.5687
-0.9565
-0.008559
0.93785
1.5469
1.6037
1.0912
0.19527
-0.76398
-1.4467
-1.6132
-1.2068
-0.37426
0.58677
1.3339
1.6033
1.3037
0.5455
-0.40038
-1.1982
-1.5652
-1.3728
-0.69417
0.22448
1.061
1.5365
1.5038
0.97756
0.1155
-0.82322
-1.5373
-1.7675
-1.3965
-0.52092
0.5595
1.451
1.8244
1.5454
0.71961
-0.35529
-1.2992
-1.7807
-1.6305
-0.90237
0.14341
1.1331
1.7151
1.686
1.06
0.061104
-0.9561
-1.6311
-1.7249
-1.2064
-0.26282
0.76845
1.5218
1.7325
1.3282
0.45447
-0.57728
-1.3998
-1.7218
-1.4317
-0.63626
1.2515
1.6758
1.5037
0.79861
-0.18638
-1.0998
-1.618
-1.5602
-0.95028
-0.006891
0.93432
1.5393
1.5947
1.084
0.19241
-0.76145
-1.4396
-1.604
-1.1988
-0.37021
0.58532
1.3274
1.594
1.2949
0.54028
-0.40007
-1.1924
-1.5559
-1.3632
-0.68777
0.22542
1.0561
1.5277
1.4944
0.97089
0.11376
-0.81987
-1.5306
-1.7599
-1.3907
-0.51877
0.55745
1.4455
1.8173
1.5392
0.71651
-0.35417
-1.2942
-1.7736
-1.6237
-0.89832
0.14328
1.1288
1.7081
1.6787
1.055
0.060191
-0.95259
-1.6243
-1.7172
-1.2005
-0.26084
0.76582
1.5155
1.7246
1.3216
0.45139
-0.57563
-1.394
-1.7137
-1.4243
-0.63212
0.67912
0.32551
-0.15108
-0.57937
-0.80225
-0.73566
-0.4014
0.080772
0.53759
0.80448
0.78326
0.47754
-0.005672
-0.49211
-0.80394
-0.82661
-0.55081
-0.074225
0.434
0.79147
0.8663
0.62689
0.1576
-0.3711
-0.76767
-0.89007
-0.69348
-0.24351
0.3029
0.74641
0.91903
0.75889
0.34282
-0.15363
-0.54876
-0.73676
-0.70688
-0.50546
-0.19333
0.16225
0.47383
0.6397
0.5864
0.31772
-0.073283
-0.44175
-0.65221
-0.62892
-0.3788
0.011994
0.40493
0.65587
0.66937
0.43742
0.043143
-0.3713
-0.6567
-0.70871
-0.50456
-0.11382
0.32354
0.64748
0.73827
0.56123
0.1785
-0.27391
-0.6336
-0.76853
-0.62571
-0.25336
0.21475
0.60873
0.67101
0.31782
-0.15558
-0.5791
-0.79736
-0.72799
-0.39373
0.085679
0.538
0.80032
0.77608
0.46999
-0.010866
-0.49311
-0.80045
-0.81995
-0.54343
-0.06878
0.43556
0.78864
0.86017
0.61974
0.15202
-0.37314
-0.76549
-0.88452
-0.68661
-0.23785
0.3053
0.74478
0.91406
0.75235
0.33672
-0.15762
-0.54952
-0.7338
-0.70045
-0.49695
-0.18519
0.16717
0.47346
0.63387
0.57708
0.30828
-0.079433
-0.44243
-0.64725
-0.62015
-0.36942
0.018606
0.40641
0.65172
0.66115
0.42814
0.036149
-0.37351
-0.65338
-0.7011
-0.49545
-0.1065
0.32644
0.64498
0.73133
0.5524
0.17098
-0.27742
-0.63187
-0.76224
-0.61719
-0.2457
0.21881
0.60778
1.4963
1.77
1.4117
0.54991
-0.50658
-1.3795
-1.7579
-1.5088
-0.72286
0.31904
1.2455
1.7261
1.5896
0.88626
-0.13074
-1.0975
-1.6703
-1.6467
-1.0361
-0.0564
0.94203
1.602
1.6888
1.1746
0.24527
-0.76798
-1.5053
-1.7033
-1.2906
-0.41773
0.5978
1.3958
1.7124
1.4662
0.75967
-0.18069
-1.0772
-1.6621
-1.7367
-1.2411
-0.30695
0.75645
1.5654
1.8168
1.4145
0.50576
-0.58051
-1.4571
-1.8139
-1.5243
-0.69058
0.38935
1.3278
1.7888
1.6093
0.85588
-0.2017
-1.1866
-1.7475
-1.6838
-1.0187
0.0086164
1.0298
1.6806
1.7306
1.1632
0.18125
-0.86447
-1.6
-1.7627
-1.296
-0.36858
1.507
1.788
1.4304
0.56259
-0.50435
-1.3885
-1.7747
-1.5274
-0.73664
0.31497
1.2526
1.7417
1.6081
0.90098
-0.12495
-1.1026
-1.6844
-1.6648
-1.0516
-0.0638
0.9453
1.6146
1.7063
1.1907
0.25424
-0.76925
-1.5163
-1.72
-1.307
-0.42796
0.59726
1.405
1.7282
1.4838
0.77387
-0.17414
-1.0808
-1.6756
-1.7567
-1.2613
-0.32022
0.75507
1.5766
1.8366
1.4356
0.52054
-0.57726
-1.4665
-1.8325
-1.5454
-0.70654
0.3842
1.3352
1.806
1.63
0.87268
-0.19485
-1.1921
-1.7633
-1.7042
-1.0362
9.3681e-05
1.0333
1.6948
1.7503
1.1813
0.19129
-0.86605
-1.6125
-1.7816
-1.3145
-0.38002
-0.01636
-0.11931
-0.18358
-0.1865
-0.12572
-0.020703
0.093304
0.17725
0.20188
0.15781
0.058893
-0.062154
-0.1642
-0.21148
-0.18639
-0.096333
0.028466
0.1455
0.21455
0.21105
0.1345
0.0096277
-0.12092
-0.21129
-0.22935
-0.1684
-0.04872
0.090116
0.20134
0.2444
0.19911
0.07792
-0.072137
-0.18575
-0.21101
-0.13864
-0.0082171
0.11453
0.17419
0.15171
0.066425
-0.041045
-0.12973
-0.1717
-0.15659
-0.091286
0.0027837
0.095326
0.15626
0.16568
0.12059
0.035867
-0.060751
-0.13767
-0.16962
-0.14593
-0.074127
0.022479
0.11228
0.16557
0.16427
0.10811
0.015115
-0.084084
-0.1564
-0.17734
-0.13918
-0.053721
0.051195
0.14052
0.18367
0.16518
-0.0081133
-0.10712
-0.17175
-0.17923
-0.12558
-0.02775
0.08158
0.16501
0.19344
0.15616
0.064624
-0.051069
-0.15169
-0.20198
-0.18326
-0.10067
0.018213
0.13297
0.20417
0.2065
0.13739
0.01894
-0.1085
-0.20017
-0.22344
-0.16978
-0.056879
0.078065
0.18967
0.23727
0.19905
0.08493
-0.060565
-0.17366
-0.20253
-0.13658
-0.013236
0.1041
0.16183
0.14162
0.062127
-0.03799
-0.12036
-0.15934
-0.14562
-0.085593
0.0012003
0.08702
0.14415
0.15401
0.11349
0.035857
-0.053664
-0.12599
-0.15748
-0.13762
-0.072573
0.016711
0.10121
0.15311
0.15482
0.10502
0.01948
-0.073811
-0.14385
-0.16694
-0.13462
-0.056618
0.041854
0.12804
0.17247
0.15923
-0.36766
-0.67045
-0.73303
-0.52861
-0.12825
0.32343
0.66152
0.76188
0.58606
0.19481
-0.27277
-0.64745
-0.79071
-0.64711
-0.26662
0.21354
0.6199
0.80524
0.70025
0.33879
-0.15124
-0.59178
-0.82057
-0.75318
-0.41369
0.076962
0.54503
0.82195
0.80206
0.4869
-0.0048681
-0.48086
-0.76256
-0.76921
-0.54286
-0.20096
0.13897
0.40297
0.55312
0.56246
0.41466
0.13186
-0.20527
-0.47701
-0.57725
-0.46379
-0.17629
0.18142
0.48009
0.60958
0.51807
0.23392
-0.14141
-0.47026
-0.63085
-0.56241
-0.28678
0.099057
0.45595
0.65187
0.6113
0.34546
-0.050714
-0.43362
-0.66351
-0.65457
-0.4061
-0.004819
0.4044
0.67094
0.69501
0.46527
-0.37116
-0.66884
-0.727
-0.52039
-0.12081
0.32747
0.66081
0.75677
0.57846
0.18748
-0.27723
-0.64752
-0.78648
-0.64017
-0.25949
0.21833
0.62072
0.8019
0.69403
0.33198
-0.15621
-0.5932
-0.81803
-0.74767
-0.40723
0.082076
0.54702
0.8202
0.79732
0.48093
-0.010015
-0.48356
-0.76192
-0.76515
-0.53606
-0.19302
0.14561
0.40564
0.55009
0.55406
0.40356
0.12205
-0.21014
-0.47518
-0.56948
-0.45297
-0.16634
0.18698
0.47933
0.60285
0.50787
0.22394
-0.14762
-0.47055
-0.62522
-0.55297
-0.27696
0.10575
0.45717
0.64727
0.60264
0.33588
-0.057777
-0.43571
-0.65997
-0.64676
-0.39689
0.0024891
0.40723
0.66839
0.68809
0.45653
0.092204
-0.91094
-1.5946
-1.7113
-1.2151
-0.28048
0.75889
1.5307
1.7577
1.3564
0.46644
-0.59714
-1.4539
-1.7943
-1.4931
-0.65596
0.41926
1.3494
1.8017
1.611
0.84042
-0.23731
-1.2357
-1.7953
-1.7148
-1.0215
0.041328
1.0979
1.7686
1.8065
1.1973
0.17255
-0.8842
-1.6014
-1.7663
-1.3794
-0.60793
0.30115
1.0907
1.5363
1.4911
0.94536
0.062831
-0.85278
-1.4683
-1.5556
-1.082
-0.2181
0.72816
1.42
1.6081
1.2197
0.38985
-0.58501
-1.3543
-1.6413
-1.3421
-0.56062
0.42668
1.2674
1.658
1.4548
0.72785
-0.26389
-1.1663
-1.6563
-1.5565
-0.89839
0.08605
1.0451
1.6336
1.6387
0.09681
-0.9061
-1.5912
-1.7106
-1.2174
-0.28514
0.7534
1.5263
1.756
1.358
0.47099
-0.59109
-1.4484
-1.7913
-1.4938
-0.66017
0.41289
1.3431
1.7976
1.6107
0.84412
-0.23069
-1.2284
-1.7899
-1.7133
-1.0244
0.034801
1.0899
1.7619
1.8037
1.1994
0.17889
-0.87623
-1.5951
-1.7641
-1.3812
-0.61187
0.29759
1.0892
1.5371
1.4934
0.94794
0.06486
-0.85193
-1.4689
-1.5576
-1.0848
-0.22082
0.72635
1.4197
1.6093
1.2223
0.39293
-0.58237
-1.353
-1.6419
-1.3443
-0.56391
0.42338
1.2652
1.6577
1.4566
0.73121
-0.25996
-1.1631
-1.655
-1.5575
-0.90154
0.081736
1.041
1.6313
1.639
-0.18489
-0.14898
-0.059111
0.0542
0.15104
0.19606
0.17173
0.085276
-0.033507
-0.14284
-0.20361
-0.19306
-0.11319
0.0089527
0.13018
0.20669
0.21031
0.13877
0.016428
-0.11414
-0.20648
-0.22651
-0.16545
-0.044162
0.094192
0.20033
0.2366
0.18933
0.073272
-0.071662
-0.19186
-0.23982
-0.19648
-0.08322
0.047575
0.1403
0.16457
0.1254
0.051495
-0.025169
-0.08237
-0.10869
-0.099796
-0.058006
0.005271
0.069871
0.1132
0.11924
0.084782
0.02031
-0.053418
-0.11158
-0.13321
-0.10893
-0.045429
0.036281
0.10809
0.14462
0.13186
0.07233
-0.014915
-0.099973
-0.15237
-0.15232
-0.098306
-0.0079017
0.088046
0.15577
0.1702
0.12431
0.032612
-0.073278
-0.18248
-0.1495
-0.062405
0.049302
0.14631
0.19323
0.17182
0.08827
-0.028679
-0.13792
-0.20038
-0.19271
-0.11588
0.0041758
0.12505
0.20306
0.2095
0.14108
0.02104
-0.10887
-0.20248
-0.22525
-0.1674
-0.048616
0.088836
0.19599
0.23484
0.19082
0.077509
-0.066214
-0.18721
-0.23762
-0.19737
-0.086666
0.042861
0.13574
0.16127
0.12406
0.052418
-0.022192
-0.078172
-0.10463
-0.097317
-0.058033
0.0027324
0.065745
0.10898
0.11645
0.084438
0.022581
-0.04932
-0.10713
-0.13003
-0.1082
-0.047418
0.03227
0.10349
0.14108
0.13069
0.07398
-0.011021
-0.095242
-0.14852
-0.15076
-0.099612
-0.011636
0.083212
0.15158
0.16819
0.12523
0.036137
-0.068415
-0.6476
-0.090518
0.50269
0.92047
1.0125
0.74405
0.20892
-0.4037
-0.87604
-1.0386
-0.83115
-0.32508
0.30027
0.82171
1.0523
0.90852
0.43969
-0.1889
-0.75372
-1.0519
-0.97462
-0.54761
0.077135
0.67666
1.0372
1.0294
0.65314
0.039805
-0.59133
-1.0105
-1.0648
-0.73965
-0.16327
0.44965
0.8864
1.0129
0.80808
0.35476
-0.196
-0.66973
-0.91576
-0.85215
-0.49673
0.031979
0.55133
0.87836
0.89607
0.5963
0.083329
-0.46242
-0.84779
-0.93526
-0.69211
-0.20257
0.36153
0.801
0.95934
0.77839
0.31997
-0.25495
-0.74282
-0.96984
-0.8539
-0.43403
0.14283
0.67292
0.96737
0.91958
0.54425
-0.026991
-0.59195
-0.94965
-0.6157
-0.05029
0.53677
0.93618
1.0043
0.71495
0.1695
-0.43931
-0.89511
-1.0344
-0.80519
-0.28681
0.33706
0.84382
1.0519
0.88589
0.40302
-0.22643
-0.77866
-1.0553
-0.95535
-0.51268
0.11512
0.70413
1.0444
1.0139
0.62051
0.0018325
-0.62086
-1.021
-1.0528
-0.70969
-0.12567
0.48303
0.90577
1.0125
0.78736
0.3186
-0.23739
-0.70311
-0.92933
-0.84051
-0.46367
0.07458
0.58806
0.89603
0.88846
0.56621
0.041561
-0.50088
-0.86911
-0.93184
-0.66531
-0.16216
0.40099
0.82535
0.95989
0.75498
0.28104
-0.29536
-0.77019
-0.97443
-0.8342
-0.39723
0.18348
0.70282
0.97579
0.90356
0.50963
-0.0677
-0.62413
-0.96184
-0.41929
-0.17251
0.13355
0.3896
0.50518
0.44062
0.22047
-0.075993
-0.34315
-0.48647
-0.45596
-0.2638
0.020493
0.2954
0.46378
0.46692
0.30475
0.035557
-0.24458
-0.43606
-0.47152
-0.33971
-0.088599
0.19251
0.4044
0.47214
0.37152
0.13887
-0.1415
-0.36943
-0.4675
-0.40757
-0.21415
0.051289
0.31124
0.48899
0.52356
0.38863
0.1118
-0.22135
-0.49158
-0.59363
-0.48342
-0.19896
0.15517
0.44992
0.58019
0.50147
0.24399
-0.098787
-0.40348
-0.56115
-0.51659
-0.28775
0.041665
0.35308
0.53557
0.52521
0.32741
0.014561
-0.3005
-0.50535
-0.52812
-0.36251
-0.069269
0.24605
0.47096
0.52618
0.39366
0.12244
-0.1897
-0.43152
-0.41657
-0.16913
0.1364
0.39089
0.50443
0.4381
0.21705
-0.0791
-0.34483
-0.48611
-0.45368
-0.26038
0.023845
0.29749
0.46384
0.46492
0.30138
0.032005
-0.24705
-0.43655
-0.46983
-0.33642
-0.084872
0.19535
0.40534
0.47082
0.36839
0.13502
-0.1447
-0.37081
-0.46657
-0.40467
-0.21034
0.054654
0.31306
0.4888
0.52156
0.38558
0.10871
-0.2235
-0.49213
-0.59242
-0.48088
-0.19598
0.15753
0.4508
0.57927
0.49906
0.24093
-0.1014
-0.40471
-0.56056
-0.51437
-0.28469
0.044485
0.35464
0.53532
0.52321
0.32436
0.011546
-0.30241
-0.50547
-0.52638
-0.35953
-0.066099
0.24829
0.47146
0.52474
0.39079
0.11914
-0.19225
-0.4324
-0.75897
-1.3512
-1.4609
-1.0484
-0.26161
0.61675
1.2726
1.4733
1.149
0.41545
-0.4668
-1.1827
-1.4756
-1.2406
-0.56375
0.31159
1.0736
1.4524
1.3129
0.70334
-0.15914
-0.96469
-1.4241
-1.3752
-0.83858
-0.0058189
0.8288
1.368
1.4154
0.95178
0.1489
-0.69832
-1.2944
-1.4559
-1.1576
-0.50892
0.29827
1.0331
1.4667
1.4342
0.91229
0.060313
-0.82076
-1.4068
-1.484
-1.029
-0.20931
0.68337
1.3337
1.5099
1.1469
0.37409
-0.53001
-1.2407
-1.5059
-1.2339
-0.52245
0.37553
1.1399
1.4967
1.3179
0.66897
-0.21607
-1.0212
-1.461
-1.3796
-0.80577
0.056037
0.89713
1.416
1.4281
0.9313
-0.74654
-1.3224
-1.4261
-1.0199
-0.2498
0.60764
1.2458
1.4384
1.1186
0.40033
-0.46108
-1.1582
-1.4409
-1.2083
-0.54542
0.30938
1.0517
1.4185
1.2793
0.68209
-0.16037
-0.94541
-1.3913
-1.3406
-0.81457
-0.0010486
0.81261
1.3367
1.3802
0.92536
0.14072
-0.68565
-1.2657
-1.4213
-1.1283
-0.49348
0.29579
1.0138
1.4364
1.4023
0.88895
0.05365
-0.80812
-1.3792
-1.4511
-1.0028
-0.1991
0.67386
1.3078
1.4767
1.1183
0.36025
-0.52403
-1.217
-1.4729
-1.2033
-0.50532
0.37308
1.1187
1.4641
1.2856
0.64863
-0.2172
-1.0027
-1.4293
-1.3461
-0.78246
0.060805
0.88156
1.3856
1.3938
0.90531
0.024348
0.75165
1.219
1.2579
0.85003
0.13635
-0.63164
-1.1811
-1.3153
-0.98308
-0.29784
0.5009
1.13
1.3631
1.1127
0.4638
-0.35583
-1.0564
-1.3881
-1.2286
-0.62848
0.20343
0.97155
1.3999
1.3329
0.79064
-0.039042
-0.8655
-1.3937
-1.4278
-0.94879
-0.13133
0.71896
1.2907
1.395
1.0301
0.35753
-0.38095
-0.95195
-1.1903
-1.0318
-0.52849
0.15569
0.78744
1.1423
1.0907
0.64925
-0.024824
-0.69258
-1.1179
-1.1491
-0.77231
-0.11853
0.58105
1.0775
1.1938
0.88755
0.26523
-0.45482
-1.0181
-1.2234
-0.99499
-0.41137
0.322
0.9459
1.2389
1.0951
0.56196
-0.17477
-0.85496
-1.2361
-1.1806
0.033444
0.7687
1.2377
1.2714
0.85355
0.12865
-0.64768
-1.1996
-1.3295
-0.98786
-0.29149
0.516
1.1483
1.3779
1.1186
0.45879
-0.3699
-1.0744
-1.4034
-1.2356
-0.62461
0.21668
0.9893
1.4157
1.341
0.78813
-0.051285
-0.88296
-1.4098
-1.4367
-0.94735
-0.12043
0.73556
1.3083
1.4091
1.0374
0.35563
-0.39289
-0.97187
-1.2128
-1.0493
-0.53463
0.16338
0.80615
1.1651
1.1092
0.65686
-0.0307
-0.70967
-1.1399
-1.168
-0.78135
-0.11456
0.59638
1.0985
1.2128
0.89766
0.2629
-0.46861
-1.0383
-1.2425
-1.0062
-0.41072
0.33411
0.96494
1.2579
1.1072
0.56276
-0.18541
-0.87305
-1.255
-1.1934
1.7775
1.5766
0.8122
-0.24253
-1.2094
-1.7421
-1.6516
-0.973
0.050333
1.0541
1.681
1.7071
1.1229
0.13854
-0.8921
-1.6012
-1.7383
-1.2568
-0.32827
0.71719
1.506
1.7553
1.3777
0.51183
-0.53124
-1.3819
-1.7399
-1.4768
-0.68351
0.35497
1.2625
1.7193
1.5855
0.93723
0.0079488
-0.91316
-1.5625
-1.749
-1.3923
-0.56786
0.47613
1.3781
1.7996
1.5737
0.77954
-0.29251
-1.257
-1.7728
-1.6581
-0.95168
0.09659
1.1108
1.7254
1.72
1.0992
0.086533
-0.95718
-1.6604
-1.7711
-1.248
-0.27853
0.78874
1.5712
1.7905
1.3704
0.46096
-0.61373
-1.4696
-1.7995
-1.4853
-0.64123
0.42916
1.7759
1.5755
0.81212
-0.2416
-1.2078
-1.7404
-1.6504
-0.97271
0.049595
1.0526
1.6793
1.7057
1.1224
0.13908
-0.89071
-1.5994
-1.7368
-1.2561
-0.32859
0.71594
1.5042
1.7538
1.3768
0.51195
-0.53016
-1.3802
-1.7383
-1.4757
-0.68341
0.35406
1.2609
1.7176
1.5842
0.93689
0.0086355
-0.91167
-1.5607
-1.7475
-1.3916
-0.56824
0.47481
1.3762
1.7979
1.5728
0.7797
-0.29135
-1.2552
-1.771
-1.657
-0.95161
0.095619
1.1092
1.7236
1.7188
1.0989
0.087309
-0.95563
-1.6586
-1.7697
-1.2475
-0.2791
0.78732
1.5694
1.789
1.3697
0.46132
-0.61245
-1.4678
-1.7979
-1.4844
-0.64137
0.42805
-0.50763
-0.35236
-0.06629
0.24551
0.46729
0.5168
0.37655
0.098983
-0.21432
-0.4494
-0.52
-0.39899
-0.13019
0.18671
0.43421
0.52195
0.41918
0.16375
-0.15216
-0.4135
-0.52322
-0.43976
-0.19477
0.11971
0.38854
0.51582
0.45587
0.22767
-0.087687
-0.37132
-0.51427
-0.46988
-0.27529
-0.021838
0.20417
0.3608
0.44139
0.43947
0.3352
0.12255
-0.15369
-0.39694
-0.50457
-0.42573
-0.18836
0.11714
0.37852
0.50228
0.44332
0.22081
-0.085096
-0.36061
-0.50236
-0.4581
-0.24524
0.057972
0.34139
0.50126
0.47739
0.27698
-0.026068
-0.31901
-0.49371
-0.48669
-0.30082
-0.0034389
0.29702
0.48947
0.50173
0.32892
0.035459
-0.27015
-0.50773
-0.35258
-0.066554
0.2453
0.46719
0.51686
0.37674
0.099233
-0.21409
-0.44926
-0.52
-0.39913
-0.13042
0.18647
0.43403
0.52189
0.41927
0.16395
-0.15192
-0.4133
-0.52312
-0.4398
-0.19493
0.11948
0.38831
0.51568
0.45586
0.22779
-0.087473
-0.37108
-0.51409
-0.46982
-0.27539
-0.022073
0.20391
0.36064
0.44143
0.43973
0.33557
0.12287
-0.15355
-0.39704
-0.50487
-0.42612
-0.1887
0.11696
0.37856
0.50252
0.44367
0.22115
-0.084885
-0.36059
-0.50254
-0.45841
-0.24557
0.057732
0.34132
0.50138
0.47765
0.27729
-0.025809
-0.31889
-0.49377
-0.48691
-0.30111
-0.0037085
0.29686
0.48948
0.5019
0.32918
0.03573
-0.26996
0.14646
0.46041
0.61447
0.55224
0.29353
-0.071435
-0.41381
-0.61212
-0.59525
-0.36729
-0.0066316
0.36037
0.60317
0.6338
0.43949
0.087767
-0.29773
-0.58099
-0.66088
-0.50653
-0.1697
0.23145
0.55376
0.68144
0.56827
0.25316
-0.15466
-0.51267
-0.69235
-0.62479
-0.33043
0.08269
0.45913
0.66066
0.62318
0.37655
0.021526
-0.31635
-0.53018
-0.55896
-0.39963
-0.10706
0.22001
0.46897
0.55242
0.44059
0.1725
-0.15803
-0.43522
-0.5612
-0.49016
-0.24549
0.087377
0.39104
0.55819
0.52949
0.31402
-0.013765
-0.33932
-0.5475
-0.56347
-0.38015
-0.061259
0.28134
0.52712
0.58888
0.44319
0.13946
-0.21624
-0.4981
-0.60556
-0.49943
0.14737
0.46089
0.61436
0.55157
0.29255
-0.07238
-0.41438
-0.61211
-0.59466
-0.36634
-0.0056604
0.36102
0.60325
0.63329
0.43858
0.086777
-0.29844
-0.58117
-0.66047
-0.50567
-0.1687
0.23223
0.55403
0.68111
0.56747
0.25217
-0.15549
-0.51304
-0.69212
-0.62405
-0.32945
0.083569
0.45962
0.66061
0.62263
0.37567
0.020554
-0.31714
-0.53053
-0.55875
-0.3989
-0.10605
0.22094
0.46948
0.55234
0.43993
0.17151
-0.15899
-0.43582
-0.56122
-0.48959
-0.24453
0.088368
0.39172
0.5583
0.529
0.31311
-0.014776
-0.34006
-0.54771
-0.56307
-0.37929
-0.060242
0.28215
0.52743
0.58857
0.44238
0.13844
-0.2171
-0.4985
-0.60535
-0.49869
-1.0829
-1.3209
-1.0849
-0.4614
0.32361
0.98734
1.2939
1.1376
0.57763
-0.18494
-0.87766
-1.2529
-1.1775
-0.68206
0.051948
0.76077
1.1937
1.1996
0.77828
0.081013
-0.64125
-1.129
-1.2101
-0.86179
-0.21281
0.50585
1.0407
1.2012
0.92873
0.32449
-0.38742
-0.95351
-1.1935
-1.054
-0.5962
0.049025
0.71266
1.2035
1.3433
1.0389
0.3554
-0.47714
-1.1489
-1.4051
-1.1528
-0.48908
0.34551
1.0553
1.3889
1.2258
0.62287
-0.20224
-0.95055
-1.3536
-1.2703
-0.73346
0.064561
0.83877
1.3114
1.3125
0.84308
0.074781
-0.71509
-1.2448
-1.3275
-0.93502
-0.20865
0.59039
1.1744
1.3348
1.0172
0.33923
-1.0837
-1.3209
-1.0843
-0.4602
0.3249
0.98826
1.2941
1.137
0.5765
-0.18624
-0.87866
-1.2532
-1.1771
-0.68103
0.053213
0.76181
1.1941
1.1993
0.77735
0.079807
-0.6423
-1.1295
-1.21
-0.86098
-0.21168
0.50686
1.0413
1.2011
0.92804
0.32348
-0.38841
-0.95414
-1.1935
-1.0534
-0.59513
0.0501
0.71329
1.2035
1.3426
1.0377
0.35416
-0.47803
-1.1491
-1.4046
-1.1517
-0.48776
0.34662
1.0558
1.3887
1.225
0.62162
-0.20343
-0.95128
-1.3537
-1.2696
-0.73228
0.065821
0.83968
1.3117
1.312
0.842
0.073483
-0.71616
-1.2453
-1.3272
-0.93406
-0.20736
0.59157
1.1751
1.3347
1.0164
0.33796
0.86993
0.81217
0.46741
-0.043019
-0.5389
-0.84455
-0.85142
-0.55699
-0.065568
0.4491
0.80533
0.87728
0.63918
0.1749
-0.35126
-0.75282
-0.88775
-0.7088
-0.27961
0.24829
0.68863
0.88572
0.76958
0.38145
-0.14072
-0.61188
-0.86605
-0.81435
-0.47525
0.031931
0.52809
0.8374
0.85115
0.56768
0.091232
-0.40929
-0.76249
-0.85192
-0.65067
-0.22728
0.27553
0.68515
0.85676
0.72655
0.33824
-0.17104
-0.62071
-0.85206
-0.7838
-0.43947
0.060799
0.54131
0.83199
0.82916
0.53313
0.048275
-0.45441
-0.79779
-0.86046
-0.61941
-0.1587
0.35928
0.75118
0.87804
0.6948
0.26593
-0.25758
-0.69111
-0.8812
-0.75986
-0.36937
0.15232
0.84248
0.78371
0.44798
-0.046616
-0.52545
-0.81886
-0.82257
-0.53514
-0.058371
0.43916
0.78181
0.8485
0.61529
0.16427
-0.34494
-0.73183
-0.85951
-0.68325
-0.26572
0.24567
0.67049
0.85847
0.74282
0.36455
-0.14184
-0.59688
-0.84023
-0.78681
-0.45567
0.03671
0.51644
0.81336
0.82298
0.54506
0.08207
-0.40149
-0.73997
-0.82215
-0.62398
-0.21324
0.27172
0.66467
0.82685
0.69786
0.32093
-0.17087
-0.60317
-0.82339
-0.75417
-0.41938
0.064252
0.52695
0.80496
0.79906
0.51061
0.041274
-0.44346
-0.7728
-0.83032
-0.59478
-0.14827
0.35189
0.72863
0.84836
0.66848
0.25225
-0.25382
-0.67131
-0.8524
-0.73225
-0.35267
0.15226
0.22942
0.3825
0.40196
0.28009
0.059
-0.18383
-0.36283
-0.41473
-0.32085
-0.11368
0.13438
0.33605
0.4198
0.35546
0.16534
-0.083524
-0.30332
-0.41654
-0.38308
-0.21426
0.030787
0.26543
0.40625
0.40322
0.25774
0.021603
-0.22199
-0.38758
-0.41648
-0.29717
-0.070806
0.18119
0.36581
0.41404
0.30871
0.091374
-0.15512
-0.33993
-0.39834
-0.31337
-0.11877
0.11519
0.30691
0.39101
0.33975
0.17155
-0.0556
-0.26378
-0.38138
-0.36753
-0.2265
-0.0067379
0.21575
0.36383
0.38612
0.27463
0.067519
-0.16389
-0.33938
-0.39751
-0.31737
-0.12627
0.10959
0.30816
0.40009
0.35281
0.18196
-0.053525
-0.27153
-0.39544
-0.38126
-0.23337
0.21824
0.38108
0.4109
0.29626
0.076657
-0.17102
-0.35949
-0.4221
-0.33635
-0.1318
0.12012
0.33079
0.42549
0.37013
0.18376
-0.067946
-0.29617
-0.4204
-0.39663
-0.23269
0.014051
0.25642
0.40823
0.41549
0.27592
0.039226
-0.21122
-0.38757
-0.42731
-0.31499
-0.089198
0.16878
0.36352
0.42213
0.32386
0.10831
-0.14161
-0.33359
-0.40068
-0.32346
-0.13337
0.10091
0.29791
0.39058
0.34815
0.18587
-0.040444
-0.25319
-0.37917
-0.37459
-0.24043
-0.022613
0.2036
0.35981
0.39175
0.28799
0.083906
-0.1503
-0.33347
-0.40149
-0.32991
-0.14293
0.09474
0.30047
0.40238
0.36434
0.1987
-0.037519
-0.26201
-0.39588
-0.39158
-0.24992
-0.85415
-0.5877
-0.10777
0.41358
0.78746
0.87737
0.65022
0.18827
-0.34198
-0.75019
-0.88933
-0.70777
-0.2692
0.26835
0.70967
0.89475
0.75724
0.34684
-0.18978
-0.66041
-0.89461
-0.80575
-0.42504
0.1089
0.60244
0.87859
0.83873
0.49538
-0.030584
-0.54878
-0.869
-0.87913
-0.59207
-0.13071
0.33965
0.68361
0.8276
0.75023
0.46721
0.038073
-0.42069
-0.75361
-0.82738
-0.60047
-0.15154
0.35296
0.72879
0.8427
0.65529
0.23207
-0.27716
-0.68846
-0.85088
-0.70444
-0.30274
0.20871
0.64647
0.85363
0.75438
0.38219
-0.12968
-0.59556
-0.84623
-0.79127
-0.45076
0.053407
0.54076
0.83548
0.82949
0.52333
0.027347
-0.47886
-0.85426
-0.58754
-0.1074
0.41403
0.78782
0.87752
0.65011
0.18795
-0.3424
-0.75055
-0.88951
-0.7077
-0.26891
0.26875
0.71003
0.89496
0.75722
0.3466
-0.19014
-0.66077
-0.89484
-0.80576
-0.42484
0.10924
0.60279
0.87884
0.83879
0.49523
-0.030878
-0.54912
-0.86925
-0.87922
-0.59196
-0.13044
0.34002
0.68399
0.82787
0.75027
0.46697
0.037601
-0.42123
-0.75402
-0.82751
-0.60027
-0.15109
0.35349
0.72922
0.84287
0.65514
0.23166
-0.27769
-0.68892
-0.85111
-0.70436
-0.30239
0.20921
0.64694
0.85389
0.75434
0.38187
-0.13015
-0.59603
-0.84653
-0.79129
-0.4505
0.05385
0.54123
0.83581
0.82956
0.52312
0.026939
-0.47932
1.083
0.83376
0.28855
-0.35859
-0.87744
-1.0841
-0.90608
-0.40764
0.23427
0.79233
1.0688
0.96584
0.52031
-0.10882
-0.69803
-1.039
-1.0121
-0.62721
-0.020545
0.59303
0.99572
1.0449
0.7242
0.14858
-0.47828
-0.93571
-1.0622
-0.81201
-0.27307
0.36192
0.86643
1.0655
0.89834
0.43202
-0.17335
-0.72255
-1.0423
-1.0267
-0.67013
-0.079413
0.54881
0.99181
1.0855
0.79167
0.2148
-0.43809
-0.93425
-1.0979
-0.87095
-0.33362
0.32299
0.86432
1.097
0.93846
0.44603
-0.20478
-0.78272
-1.0823
-0.99668
-0.5563
0.081543
0.68928
1.0508
1.0383
0.65689
0.042157
-0.58735
-1.0077
-1.0693
-0.75098
-0.16673
0.47539
1.091
0.83301
0.27942
-0.37281
-0.89175
-1.0934
-0.90733
-0.40038
0.24742
0.80674
1.0795
0.969
0.51497
-0.12074
-0.71231
-1.0507
-1.0171
-0.62387
-0.010088
0.6069
1.0081
1.0515
0.72281
0.13968
-0.49155
-0.94872
-1.0705
-0.81263
-0.26594
0.37428
0.87972
1.0751
0.90082
0.42615
-0.18596
-0.7378
-1.0547
-1.0315
-0.66495
-0.06573
0.56619
1.0066
1.0923
0.78811
0.20227
-0.45508
-0.94968
-1.1064
-0.86952
-0.32286
0.3392
0.88023
1.107
0.93911
0.43718
-0.21994
-0.79879
-1.0936
-0.99932
-0.54941
0.095468
0.70528
1.0633
1.0429
0.65204
0.029684
-0.60301
-1.021
-1.0756
-0.74817
-0.15586
0.49044
0.0063429
0.16284
0.26315
0.269
0.17593
0.016143
-0.15262
-0.26843
-0.28795
-0.20222
-0.040199
0.14072
0.27451
0.31062
0.23359
0.069593
-0.12294
-0.27454
-0.32929
-0.2648
-0.10138
0.10339
0.27477
0.34901
0.29758
0.13709
-0.077131
-0.26944
-0.36854
-0.33407
-0.17688
0.040492
0.23081
0.32586
0.3087
0.21179
0.085701
-0.032892
-0.1287
-0.19312
-0.21102
-0.16695
-0.064105
0.065486
0.17218
0.21326
0.17295
0.067226
-0.064492
-0.17395
-0.22027
-0.18468
-0.07889
0.058127
0.17502
0.22796
0.19684
0.092174
-0.048599
-0.17389
-0.2365
-0.21174
-0.10746
0.038595
0.17295
0.24599
0.22972
0.12823
-0.022816
-0.16836
-0.25414
-0.24733
0.014165
0.17586
0.27681
0.2785
0.1779
0.0098601
-0.165
-0.28258
-0.29892
-0.20612
-0.035595
0.15226
0.28894
0.32287
0.23931
0.066733
-0.13344
-0.28903
-0.34268
-0.27232
-0.10032
0.11272
0.2891
0.36331
0.30677
0.1379
-0.085088
-0.28342
-0.38359
-0.34479
-0.1794
0.047065
0.24405
0.34095
0.32021
0.21566
0.080661
-0.044891
-0.14327
-0.20507
-0.2162
-0.1637
-0.053745
0.079235
0.18451
0.2199
0.17159
0.058343
-0.077801
-0.18703
-0.22854
-0.18527
-0.07164
0.07067
0.18848
0.23764
0.19936
0.086631
-0.060268
-0.1876
-0.24747
-0.21614
-0.10376
0.049119
0.18663
0.25804
0.23592
0.12638
-0.032094
-0.18183
-0.26711
-0.25526
0.3322
0.88419
1.1182
0.9522
0.44733
-0.21385
-0.79407
-1.0872
-0.99098
-0.54219
0.097724
0.69973
1.0488
1.0215
0.63
0.016955
-0.59747
-0.99464
-1.0344
-0.70419
-0.12351
0.49842
0.93861
1.0412
0.77239
0.23076
-0.3892
-0.86558
-1.0285
-0.82275
-0.32796
0.27711
0.78807
1.048
0.98641
0.62166
0.047869
-0.57762
-1.0579
-1.2115
-0.95156
-0.34497
0.39599
0.9968
1.2355
1.0292
0.45829
-0.27044
-0.89874
-1.2048
-1.0804
-0.57097
0.13899
0.79368
1.1601
1.1108
0.66677
-0.012106
-0.68339
-1.1076
-1.1342
-0.75603
-0.1113
0.56821
1.0409
1.1403
0.83307
0.23044
-0.45113
-0.96756
-1.1354
-0.89758
0.33625
0.88314
1.1124
0.94359
0.43893
-0.21905
-0.7942
-1.0821
-0.98251
-0.53325
0.10398
0.70106
1.0447
1.0133
0.62062
0.0097286
-0.59994
-0.99145
-1.0267
-0.69455
-0.11539
0.50211
0.9365
1.0339
0.76263
0.22194
-0.39394
-0.86452
-1.0219
-0.81297
-0.3184
0.28298
0.78809
1.0423
0.97731
0.61273
0.042314
-0.57811
-1.0536
-1.2042
-0.94382
-0.33943
0.39744
0.99364
1.2287
1.0212
0.45185
-0.27312
-0.89676
-1.1989
-1.0725
-0.56387
0.14282
0.79287
1.1549
1.103
0.65907
-0.017041
-0.68384
-1.1034
-1.1267
-0.74789
-0.10536
0.56985
1.0376
1.1332
0.82463
0.22356
-0.45402
-0.9654
-1.1289
-0.88897
-0.84628
0.14412
1.0871
1.6456
1.6183
1.0127
0.044205
-0.94174
-1.5936
-1.6785
-1.1642
-0.23175
0.78732
1.5282
1.7247
1.3056
0.42004
-0.61719
-1.4371
-1.7462
-1.4315
-0.60303
0.44332
1.3326
1.7472
1.5393
0.78135
-0.2594
-1.2122
-1.7332
-1.635
-0.96159
0.030811
0.98457
1.5848
1.6638
1.2282
0.42774
-0.49554
-1.2608
-1.616
-1.4237
-0.73021
0.22928
1.1112
1.5962
1.5108
0.8872
-0.053078
-0.97753
-1.5574
-1.5833
-1.0432
-0.12861
0.83367
1.5006
1.6349
1.1876
0.31551
-0.67223
-1.423
-1.6672
-1.3163
-0.49472
0.50535
1.3285
1.6812
1.4356
0.6767
-0.32612
-1.2147
-1.6713
-0.84276
0.1402
1.0771
1.6332
1.6077
1.0078
0.046673
-0.93284
-1.5815
-1.6674
-1.1581
-0.23277
0.77956
1.5165
1.7132
1.2984
0.4196
-0.61069
-1.426
-1.7345
-1.4233
-0.60122
0.43812
1.3223
1.7354
1.5302
0.77817
-0.25558
-1.2028
-1.7216
-1.6252
-0.95711
0.028465
0.97616
1.5731
1.6526
1.2212
0.42754
-0.48859
-1.2488
-1.6032
-1.4145
-0.72792
0.22382
1.0999
1.5832
1.5007
0.88344
-0.049106
-0.96724
-1.5444
-1.5723
-1.0379
-0.13105
0.82447
1.4879
1.6232
1.181
0.31642
-0.66421
-1.4107
-1.655
-1.3085
-0.49411
0.49864
1.3169
1.6688
1.4268
0.6746
-0.32078
-1.2039
-1.6588
