0.81776
0.27653
-0.36678
-0.88072
-1.0786
-0.88762
-0.37618
0.27105
0.82124
1.0769
0.94559
0.47268
-0.17286
-0.75802
-1.0706
-0.99768
-0.5659
0.069625
0.68162
1.0505
1.0419
0.6571
0.034487
-0.6003
-1.0185
-1.0709
-0.73868
-0.13844
0.51597
0.98702
1.1035
0.83198
0.28841
-0.3212
-0.79714
-1.0174
-0.95036
-0.629
-0.13118
0.41852
0.85408
1.014
0.81761
0.32037
-0.29811
-0.8086
-1.0256
-0.87361
-0.4082
0.20579
0.74913
1.0241
0.92838
0.49536
-0.11771
-0.68938
-1.0145
-0.97612
-0.58604
0.017358
0.61669
0.9942
1.0125
0.66505
0.077009
-0.54078
-0.96654
-1.0459
-0.74801
-0.17899
0.45565
0.92637
0.82491
0.29846
-0.33779
-0.8549
-1.0651
-0.89126
-0.3957
0.24253
0.79379
1.0603
0.94568
0.48954
-0.14515
-0.72925
-1.051
-0.99419
-0.5798
0.04322
0.65204
1.0282
1.0349
0.66791
0.059317
-0.57024
-0.99386
-1.0605
-0.74612
-0.1612
0.48592
0.96038
1.0899
0.8361
0.30878
-0.29188
-0.76913
-1.0002
-0.94948
-0.64448
-0.1576
0.39019
0.83354
1.0083
0.82888
0.34456
-0.26957
-0.7858
-1.0165
-0.88152
-0.43028
0.17731
0.72426
1.0116
0.93268
0.51494
-0.089763
-0.66291
-0.99886
-0.97679
-0.60284
-0.0096777
0.58895
0.97554
1.0095
0.67884
0.1027
-0.51221
-0.94517
-1.0393
-0.75854
-0.20298
0.42666
0.90263
0.25892
-0.18613
-0.56355
-0.73205
-0.628
-0.29101
0.15206
0.53683
0.72227
0.64024
0.31961
-0.12222
-0.52045
-0.72538
-0.66096
-0.3529
0.084038
0.48992
0.71587
0.67635
0.38296
-0.055592
-0.47398
-0.71627
-0.69544
-0.4206
0.010588
0.44324
0.71443
0.71658
0.45264
0.041672
-0.34612
-0.5869
-0.65695
-0.60139
-0.45871
-0.22541
0.10307
0.46625
0.72993
0.75856
0.50916
0.067959
-0.39338
-0.70081
-0.7461
-0.51757
-0.098897
0.35756
0.68202
0.75194
0.5421
0.13379
-0.31992
-0.6529
-0.74446
-0.56085
-0.16904
0.28516
0.63134
0.74075
0.57509
0.198
-0.25102
-0.60714
-0.73864
-0.59566
-0.23117
0.21781
0.58328
0.7306
0.25808
-0.18947
-0.56824
-0.73642
-0.63047
-0.29065
0.15517
0.54161
0.72703
0.64328
0.31978
-0.12504
-0.52529
-0.73055
-0.66459
-0.35367
0.086454
0.49471
0.72136
0.68058
0.38438
-0.057553
-0.47867
-0.72205
-0.70025
-0.42271
0.011989
0.44773
0.72046
0.72197
0.45544
0.040934
-0.34995
-0.59222
-0.66185
-0.6044
-0.45929
-0.22386
0.10597
0.46955
0.7327
0.75999
0.50878
0.065859
-0.39649
-0.70381
-0.74786
-0.51739
-0.09679
0.36088
0.68537
0.7541
0.54223
0.13179
-0.32338
-0.65659
-0.74703
-0.56135
-0.16723
0.28868
0.63533
0.74377
0.576
0.19643
-0.25456
-0.61141
-0.74211
-0.59706
-0.22994
0.22128
0.58778
0.73451
-0.63519
-0.54898
-0.25949
0.13279
0.48594
0.66846
0.60955
0.32654
-0.081313
-0.46833
-0.69331
-0.66985
-0.40003
0.022376
0.44435
0.71074
0.7222
0.47077
0.042467
-0.41122
-0.72468
-0.77855
-0.54765
-0.11356
0.3667
0.72026
0.81896
0.62116
0.18906
-0.32308
-0.71868
-0.84178
-0.65567
-0.26289
0.15652
0.44789
0.55127
0.49465
0.33758
0.12716
-0.10094
-0.29907
-0.40462
-0.36962
-0.19584
0.057252
0.2971
0.43583
0.42122
0.25357
-0.01221
-0.28214
-0.45584
-0.46569
-0.30405
-0.026341
0.26935
0.47625
0.51588
0.36763
0.079942
-0.24468
-0.48721
-0.55684
-0.42445
-0.13323
0.21522
0.49504
0.60091
0.48863
0.19428
-0.1777
-0.66956
-0.55635
-0.23724
0.17677
0.53602
0.70686
0.62268
0.30979
-0.12197
-0.51846
-0.73514
-0.68852
-0.3889
0.05934
0.49402
0.7555
0.74622
0.46557
0.009879
-0.45965
-0.77175
-0.80754
-0.54829
-0.08565
0.41325
0.76899
0.85262
0.62777
0.16622
-0.36726
-0.76853
-0.87978
-0.66884
-0.24703
0.1959
0.49789
0.59581
0.51926
0.3339
0.095962
-0.14934
-0.3479
-0.43653
-0.37315
-0.16975
0.10358
0.34712
0.47178
0.43034
0.23261
-0.055809
-0.33284
-0.49557
-0.48031
-0.28841
0.013969
0.32
0.51925
0.53595
0.35765
0.04348
-0.29462
-0.53284
-0.58196
-0.42017
-0.10108
0.26383
0.54285
0.63093
0.49021
0.16692
-0.22423
0.49737
0.087533
-0.35057
-0.66175
-0.73651
-0.55063
-0.17294
0.26117
0.59891
0.7231
0.59183
0.25283
-0.17285
-0.53387
-0.70351
-0.62476
-0.32864
0.079095
0.4555
0.66925
0.64604
0.39554
0.0084266
-0.37738
-0.62726
-0.65663
-0.45772
-0.10057
0.29026
0.57784
0.66193
0.51526
0.19001
-0.20634
-0.54886
-0.72859
-0.67771
-0.39228
0.05108
0.50369
0.79339
0.79929
0.51117
0.036607
-0.44711
-0.7658
-0.81037
-0.56893
-0.12749
0.35826
0.71513
0.81494
0.62309
0.21101
-0.2723
-0.6555
-0.80454
-0.66803
-0.2951
0.1807
0.58881
0.7841
0.69943
0.36798
-0.090883
-0.5146
-0.75382
-0.72458
-0.43869
0.00013384
0.43444
0.71065
0.49753
0.088024
-0.34992
-0.66117
-0.73622
-0.55072
-0.17339
0.26053
0.59831
0.72275
0.59187
0.25323
-0.17222
-0.53325
-0.70311
-0.62473
-0.32899
0.078495
0.45487
0.66881
0.64595
0.39584
0.009002
-0.37674
-0.62678
-0.65649
-0.45796
-0.1011
0.28962
0.57733
0.66173
0.51544
0.19049
-0.20573
-0.5483
-0.72824
-0.67766
-0.39254
0.050571
0.50307
0.79287
0.79904
0.51129
0.03706
-0.44648
-0.76524
-0.81006
-0.569
-0.12791
0.35764
0.71453
0.81457
0.62309
0.21138
-0.2717
-0.65488
-0.80413
-0.66797
-0.29542
0.18011
0.58817
0.78364
0.69931
0.36825
-0.090325
-0.51395
-0.75331
-0.72439
-0.4389
-0.00039419
0.43378
0.71011
1.3052
0.90784
0.18368
-0.60338
-1.167
-1.3048
-0.97126
-0.29154
0.48734
1.0851
1.2869
1.0212
0.38669
-0.38285
-1.0071
-1.2628
-1.0625
-0.48153
0.26947
0.91851
1.2297
1.092
0.56068
-0.16627
-0.82569
-1.1833
-1.112
-0.63626
0.070268
0.74426
1.1398
1.1337
0.76459
0.18337
-0.43705
-0.95604
-1.2597
-1.2448
-0.85183
-0.1394
0.67836
1.2956
1.4577
1.0891
0.32754
-0.54351
-1.2106
-1.4399
-1.152
-0.44965
0.41393
1.124
1.4226
1.2053
0.55567
-0.28967
-1.0272
-1.3926
-1.2543
-0.66325
0.16362
0.92471
1.3459
1.279
0.75186
-0.044115
-0.82131
-1.2985
-1.3036
-0.83791
-0.074293
0.7091
1.3115
0.91346
0.18661
-0.6042
-1.1713
-1.3109
-0.97711
-0.29496
0.48759
1.0889
1.293
1.0272
0.39057
-0.38253
-1.0104
-1.2686
-1.0686
-0.48583
0.26857
0.92134
1.2353
1.0982
0.56538
-0.16481
-0.82797
-1.1885
-1.1183
-0.6413
0.068277
0.74604
1.1447
1.1399
0.77002
0.18636
-0.43722
-0.95918
-1.265
-1.2508
-0.85691
-0.14199
0.67925
1.2998
1.4638
1.0949
0.33087
-0.54383
-1.2144
-1.4458
-1.158
-0.45347
0.41366
1.1274
1.4284
1.2114
0.55989
-0.28887
-1.0302
-1.3982
-1.2605
-0.66791
0.16226
0.92713
1.3512
1.2853
0.75686
-0.042222
-0.82322
-1.3035
-1.3099
-0.84326
-0.07672
0.71046
-0.43813
-0.10097
0.26956
0.54357
0.62593
0.48888
0.18116
-0.18893
-0.49123
-0.61969
-0.5301
-0.25541
0.10691
0.42973
0.60048
0.5599
0.32287
-0.026383
-0.36409
-0.57154
-0.57722
-0.38098
-0.052622
0.29264
0.53359
0.58541
0.43084
0.12675
-0.21791
-0.48324
-0.57978
-0.4749
-0.20042
0.15553
0.47083
0.62674
0.5539
0.26741
-0.13135
-0.49304
-0.68163
-0.62809
-0.35352
0.04307
0.42217
0.65195
0.65288
0.42544
0.050454
-0.33975
-0.60873
-0.66387
-0.48765
-0.14265
0.25026
0.55365
0.66168
0.53753
0.22616
-0.1624
-0.49225
-0.64891
-0.57849
-0.30632
0.071684
0.42259
0.62357
0.60527
0.37547
0.015537
-0.34841
-0.58919
-0.41728
-0.09613
0.25669
0.51761
0.59617
0.46592
0.17313
-0.17925
-0.46734
-0.59013
-0.5054
-0.24436
0.10041
0.40805
0.57139
0.53375
0.30891
-0.02324
-0.34502
-0.54337
-0.55001
-0.36443
-0.052563
0.27627
0.50665
0.55749
0.41182
0.12339
-0.20444
-0.45782
-0.55148
-0.4536
-0.19326
0.14632
0.44823
0.59772
0.52739
0.2519
-0.13037
-0.47526
-0.65266
-0.59792
-0.33292
0.046672
0.40753
0.62439
0.62226
0.40267
0.043615
-0.3282
-0.58292
-0.63304
-0.46282
-0.13266
0.24189
0.52996
0.63111
0.51098
0.21309
-0.15734
-0.47092
-0.61897
-0.55064
-0.29046
0.069933
0.40388
0.59459
0.57636
0.35694
0.013951
-0.33256
-0.56161
-1.2679
-0.87196
-0.16499
0.60061
1.151
1.2897
0.96839
0.30301
-0.46879
-1.0725
-1.2932
-1.052
-0.435
0.33664
0.98668
1.2836
1.1229
0.56262
-0.19793
-0.88783
-1.2603
-1.1819
-0.6816
0.060212
0.77854
1.2185
1.2238
0.79103
0.073744
-0.66983
-1.1727
-1.2622
-0.92249
-0.28549
0.4339
1.0162
1.2924
1.1755
0.68248
-0.050542
-0.78751
-1.2649
-1.2977
-0.86455
-0.12103
0.66252
1.2057
1.3179
0.96134
0.2627
-0.52937
-1.1311
-1.3267
-1.0472
-0.39466
0.39677
1.0455
1.3212
1.1257
0.52861
-0.25607
-0.94706
-1.2978
-1.1847
-0.64948
0.11656
0.84063
1.2644
1.2365
0.76731
0.025788
-0.72267
-1.264
-0.86239
-0.15317
0.61046
1.1554
1.2871
0.95979
0.29151
-0.4791
-1.0779
-1.2919
-1.0444
-0.42394
0.34727
0.99311
1.2836
1.1165
0.55219
-0.20869
-0.89511
-1.2615
-1.1767
-0.67188
0.070988
0.78656
1.221
1.2199
0.78218
0.063148
-0.6784
-1.1762
-1.2596
-0.91462
-0.27489
0.44396
1.0225
1.2928
1.1694
0.67151
-0.062913
-0.79697
-1.2679
-1.2932
-0.85405
-0.10835
0.67283
1.21
1.3147
0.95172
0.25014
-0.54037
-1.1367
-1.3248
-1.0385
-0.38244
0.40821
1.0521
1.3206
1.1181
0.51682
-0.26787
-0.95467
-1.2985
-1.1783
-0.63832
0.12852
0.84911
1.2664
1.2313
0.75687
0.013819
-0.7319
0.24157
0.083733
-0.10545
-0.26015
-0.32521
-0.27607
-0.12868
0.065646
0.23873
0.3297
0.30586
0.17382
-0.021829
-0.21277
-0.3307
-0.33257
-0.21664
-0.02291
0.18148
0.3251
0.35616
0.26108
0.071318
-0.14619
-0.31359
-0.37129
-0.29863
-0.11936
0.10661
0.30072
0.39067
0.3388
0.16257
-0.068314
-0.26239
-0.34907
-0.30741
-0.16628
0.016972
0.18087
0.27583
0.27356
0.17478
0.012574
-0.15575
-0.26941
-0.28793
-0.20579
-0.052481
0.11891
0.24924
0.29259
0.23267
0.089932
-0.085177
-0.23087
-0.29635
-0.25889
-0.13102
0.043597
0.20422
0.29392
0.28038
0.16796
-0.0040872
-0.17592
-0.28778
-0.30009
-0.20718
-0.040289
0.14237
0.27627
0.25287
0.089191
-0.10776
-0.26944
-0.33823
-0.28827
-0.13577
0.066182
0.24673
0.34238
0.31877
0.18245
-0.020534
-0.21929
-0.3428
-0.346
-0.22668
-0.026001
0.18645
0.33643
0.3699
0.2724
0.076235
-0.14946
-0.32395
-0.3851
-0.31104
-0.12598
0.10813
0.30992
0.40436
0.35218
0.17087
-0.068061
-0.27022
-0.36206
-0.32078
-0.17523
0.015522
0.18726
0.28767
0.28666
0.18454
0.015588
-0.16056
-0.28035
-0.30115
-0.21661
-0.057107
0.12209
0.25908
0.30564
0.24433
0.096116
-0.086653
-0.23949
-0.30906
-0.27123
-0.13866
0.04333
0.21141
0.30606
0.29321
0.17696
-0.0020691
-0.18159
-0.29916
-0.31319
-0.2174
-0.044051
0.14641
0.28671
0.82285
0.39442
-0.17418
-0.68202
-0.94903
-0.88017
-0.49961
0.057892
0.59498
0.92144
0.92133
0.59412
0.055563
-0.50299
-0.8828
-0.94892
-0.67816
-0.1669
0.40327
0.82973
0.96055
0.74897
0.27076
-0.30298
-0.76761
-0.95823
-0.80781
-0.3703
0.19837
0.69521
0.94284
0.85405
0.46284
-0.090327
-0.61173
-0.92297
-0.91935
-0.60175
-0.075846
0.48035
0.87408
0.96513
0.71873
0.22082
-0.35271
-0.80025
-0.96632
-0.79459
-0.34589
0.22309
0.71354
0.95358
0.85908
0.46367
-0.093525
-0.61722
-0.92435
-0.90745
-0.57214
-0.035736
0.51337
0.88194
0.94031
0.66802
0.16071
-0.40358
-0.82646
-0.95869
-0.75299
-0.28142
0.28973
0.75885
0.82219
0.38905
-0.18231
-0.68998
-0.95395
-0.88032
-0.49497
0.065624
0.60301
0.9269
0.92226
0.59021
0.048228
-0.5111
-0.88878
-0.95066
-0.67506
-0.1601
0.41134
0.83616
0.96303
0.74664
0.26446
-0.31098
-0.77447
-0.96152
-0.80636
-0.36463
0.20621
0.70238
0.94683
0.85354
0.4581
-0.097775
-0.61977
-0.92941
-0.92233
-0.60013
-0.06972
0.48932
0.88296
0.97074
0.71898
0.21561
-0.36141
-0.80925
-0.97236
-0.79551
-0.34137
0.2314
0.72261
0.96011
0.86074
0.45989
-0.10132
-0.62619
-0.93125
-0.9098
-0.56912
-0.028456
0.52224
0.8892
0.94335
0.66578
0.15403
-0.41226
-0.83401
-0.96239
-0.75154
-0.27537
0.29816
0.76661
-0.042462
0.053939
0.13236
0.165
0.13999
0.065817
-0.031702
-0.11864
-0.16462
-0.1532
-0.087709
0.0093134
0.10366
0.16176
0.16296
0.10685
0.013058
-0.085704
-0.15471
-0.16916
-0.12334
-0.033337
0.068586
0.14608
0.17203
0.13769
0.055039
-0.047307
-0.13315
-0.1708
-0.14515
-0.064711
0.040337
0.12957
0.16838
0.14168
0.059817
-0.045458
-0.13347
-0.17081
-0.14456
-0.066595
0.032771
0.1179
0.16076
0.14894
0.087697
-0.002411
-0.091494
-0.1495
-0.15657
-0.11047
-0.027397
0.064166
0.13349
0.15759
0.12833
0.055303
-0.036912
-0.11674
-0.15669
-0.1431
-0.080695
0.0093703
0.09663
0.15127
0.15411
0.10359
0.016815
-0.076221
-0.14328
-0.16112
-0.039847
0.059689
0.13919
0.17049
0.14216
0.063907
-0.037005
-0.12543
-0.17048
-0.15604
-0.08651
0.014118
0.11035
0.16795
0.16644
0.10639
0.0088263
-0.092185
-0.16112
-0.17322
-0.12359
-0.029694
0.074822
0.15268
0.17664
0.13868
0.052069
-0.053171
-0.13981
-0.17588
-0.14684
-0.062441
0.045758
0.13631
0.17426
0.14488
0.059395
-0.049405
-0.13977
-0.17748
-0.14937
-0.067814
0.035644
0.12387
0.16768
0.15431
0.089603
-0.0046282
-0.097039
-0.15641
-0.16238
-0.11311
-0.025916
0.069228
0.14032
0.16374
0.13162
0.05456
-0.041423
-0.12341
-0.16314
-0.14702
-0.080687
0.013294
0.10306
0.15792
0.15861
0.10433
0.013535
-0.082349
-0.15006
-0.16614
0.61061
0.68215
0.50635
0.1453
-0.2701
-0.58818
-0.6932
-0.54756
-0.20385
0.21481
0.55779
0.69995
0.58791
0.26166
-0.15961
-0.5227
-0.69691
-0.61981
-0.318
0.10131
0.48634
0.69557
0.65206
0.373
-0.039076
-0.43643
-0.6777
-0.67441
-0.4233
-0.014395
0.39785
0.65917
0.68553
0.49402
0.17536
-0.16448
-0.44456
-0.61015
-0.6191
-0.44916
-0.12801
0.24918
0.54604
0.64639
0.50979
0.18753
-0.20249
-0.52128
-0.65538
-0.5546
-0.25216
0.1435
0.48769
0.65469
0.58454
0.3029
-0.089739
-0.45299
-0.65503
-0.62053
-0.36042
0.030938
0.41124
0.64313
0.64314
0.41033
0.02708
-0.36867
-0.63248
-0.66727
-0.46005
-0.086195
0.64481
0.71468
0.52571
0.14465
-0.29046
-0.62098
-0.72679
-0.57007
-0.20737
0.23146
0.58868
0.73412
0.61326
0.26925
-0.1724
-0.55126
-0.73111
-0.64757
-0.32954
0.11003
0.5122
0.72939
0.68187
0.38831
-0.0436
-0.45911
-0.7105
-0.70573
-0.44205
-0.013941
0.41732
0.69084
0.7185
0.51714
0.18087
-0.17863
-0.47411
-0.64565
-0.64871
-0.4625
-0.12002
0.27599
0.58222
0.67898
0.52713
0.1835
-0.22638
-0.55651
-0.68945
-0.57543
-0.25235
0.16397
0.52147
0.68973
0.60838
0.30713
-0.10658
-0.4849
-0.69065
-0.64722
-0.36872
0.043904
0.44079
0.67873
0.67216
0.4225
0.018129
-0.39553
-0.66768
-0.6983
-0.47594
-0.081382
0.27282
0.43134
0.43922
0.28849
0.028168
-0.25049
-0.44584
-0.48385
-0.34665
-0.079728
0.22379
0.45523
0.52822
0.41081
0.14017
-0.18836
-0.45569
-0.56317
-0.46853
-0.20108
0.14706
0.45118
0.59797
0.52906
0.26546
-0.099696
-0.4361
-0.62238
-0.58709
-0.33578
0.04282
0.40244
0.59911
0.56201
0.33067
0.027826
-0.21589
-0.32972
-0.31746
-0.22264
-0.087634
0.058083
0.18506
0.2561
0.24027
0.13555
-0.023316
-0.1791
-0.27616
-0.27959
-0.18495
-0.020573
0.15859
0.28807
0.31834
0.23508
0.065056
-0.13376
-0.29203
-0.35182
-0.28713
-0.11578
0.10403
0.2938
0.38383
0.33888
0.17086
-0.06438
-0.28472
-0.40948
-0.38934
-0.22665
0.26102
0.42033
0.43285
0.28889
0.035054
-0.23964
-0.43485
-0.47652
-0.34543
-0.084944
0.21408
0.44451
0.52022
0.40823
0.14379
-0.17989
-0.44538
-0.5546
-0.46462
-0.20308
0.13998
0.44158
0.58918
0.52408
0.26592
-0.094023
-0.42725
-0.61348
-0.58119
-0.33482
0.038585
0.39438
0.58976
0.55454
0.32818
0.032217
-0.20508
-0.31581
-0.30566
-0.21788
-0.092188
0.045688
0.16936
0.24278
0.23397
0.13832
-0.012608
-0.1643
-0.26254
-0.27194
-0.1859
-0.029651
0.14472
0.27436
0.30957
0.23424
0.072338
-0.12104
-0.27842
-0.34213
-0.28468
-0.12129
0.092644
0.28061
0.37347
0.33494
0.17462
-0.054378
-0.27209
-0.39868
-0.38408
-0.22865
0.43849
0.79005
0.85583
0.61215
0.14763
-0.36907
-0.75108
-0.86102
-0.65989
-0.22059
0.29813
0.70841
0.86153
0.70254
0.29011
-0.22575
-0.6586
-0.8524
-0.73703
-0.3541
0.15707
0.61017
0.84094
0.76723
0.41706
-0.083113
-0.55283
-0.82066
-0.78761
-0.46819
0.013711
0.47902
0.77164
0.81591
0.62409
0.26515
-0.16839
-0.57216
-0.83298
-0.85192
-0.59192
-0.11823
0.40839
0.79324
0.89126
0.66659
0.20287
-0.33199
-0.74688
-0.89364
-0.71923
-0.28621
0.24871
0.69204
0.88453
0.75816
0.35923
-0.16867
-0.63558
-0.87307
-0.79553
-0.43163
0.086493
0.57188
0.85019
0.82172
0.49692
-0.0069415
-0.50764
-0.82414
-0.84264
-0.55739
0.43849
0.79005
0.85583
0.61215
0.14763
-0.36907
-0.75108
-0.86102
-0.65989
-0.22059
0.29813
0.70841
0.86153
0.70254
0.29011
-0.22575
-0.6586
-0.8524
-0.73703
-0.3541
0.15707
0.61017
0.84094
0.76723
0.41706
-0.083113
-0.55283
-0.82066
-0.78761
-0.46819
0.013711
0.47902
0.77164
0.81591
0.62409
0.26515
-0.16839
-0.57216
-0.83298
-0.85192
-0.59192
-0.11823
0.40839
0.79324
0.89126
0.66659
0.20287
-0.33199
-0.74688
-0.89364
-0.71923
-0.28621
0.24871
0.69204
0.88453
0.75816
0.35923
-0.16867
-0.63558
-0.87307
-0.79553
-0.43163
0.086493
0.57188
0.85019
0.82172
0.49692
-0.0069415
-0.50764
-0.82414
-0.84264
-0.55739
1.0854
0.87288
0.34696
-0.30391
-0.84554
-1.0831
-0.93218
-0.4481
0.19524
0.76803
1.0656
0.98103
0.54445
-0.086764
-0.68524
-1.0367
-1.017
-0.63412
-0.024939
0.59311
0.99829
1.0449
0.71734
0.1352
-0.49229
-0.94226
-1.0553
-0.78995
-0.23998
0.39535
0.88498
1.0584
0.87142
0.41057
-0.16055
-0.66987
-0.98113
-1.0095
-0.73301
-0.21315
0.39662
0.88605
1.0687
0.86709
0.3508
-0.29193
-0.82937
-1.0706
-0.92971
-0.4552
0.18485
0.7602
1.0622
0.98172
0.5483
-0.082118
-0.68427
-1.0428
-1.0281
-0.64393
-0.027792
0.59815
1.0086
1.0568
0.72605
0.13456
-0.50632
-0.96658
-1.0801
-0.80561
-0.24244
0.40659
1.0733
0.85436
0.3287
-0.31539
-0.84623
-1.0729
-0.91484
-0.42986
0.2079
0.77068
1.0574
0.96505
0.52647
-0.10032
-0.68963
-1.0306
-1.0025
-0.61667
-0.010692
0.59912
0.99404
1.0321
0.7006
0.12053
-0.49977
-0.94004
-1.0443
-0.7742
-0.22521
0.4039
0.88442
1.049
0.8564
0.39445
-0.17292
-0.67437
-0.97544
-0.9942
-0.71229
-0.19386
0.4074
0.88406
1.0545
0.84582
0.33017
-0.30458
-0.82964
-1.0584
-0.90951
-0.43417
0.1992
0.76278
1.0522
0.96284
0.52734
-0.097699
-0.68896
-1.035
-1.0106
-0.62311
-0.011086
0.60484
1.003
1.041
0.70581
0.1171
-0.51481
-0.96312
-1.066
-0.78607
-0.22444
0.41669
0.057685
-0.2934
-0.54345
-0.60325
-0.45002
-0.13677
0.22599
0.51008
0.61535
0.5044
0.21511
-0.15205
-0.46805
-0.62053
-0.5546
-0.29311
0.071971
0.41289
0.61055
0.59496
0.36963
0.012214
-0.35137
-0.59219
-0.6255
-0.44029
-0.10077
0.27672
0.56128
0.65021
0.50742
0.18292
-0.2016
-0.5019
-0.61247
-0.50703
-0.23895
0.090166
0.37046
0.51502
0.48019
0.27773
-0.024562
-0.32142
-0.50659
-0.51288
-0.33717
-0.040612
0.27341
0.49441
0.54259
0.39796
0.10959
-0.22075
-0.47551
-0.5639
-0.45367
-0.18206
0.15666
0.44303
0.57433
0.50217
0.25089
-0.091105
-0.40322
-0.57518
-0.54526
-0.32216
0.016835
0.35209
0.56421
0.57734
0.038767
-0.31382
-0.55789
-0.60628
-0.44032
-0.11772
0.24751
0.5262
0.62008
0.49583
0.19616
-0.17461
-0.48599
-0.62718
-0.54737
-0.2745
0.095265
0.43242
0.61912
0.58923
0.35146
-0.011923
-0.37268
-0.60285
-0.62157
-0.42308
-0.076365
0.29952
0.57402
0.64799
0.49104
0.15871
-0.2247
-0.51641
-0.61529
-0.49956
-0.22504
0.10641
0.3855
0.52565
0.48358
0.27255
-0.036932
-0.3367
-0.5191
-0.51784
-0.33259
-0.027991
0.28963
0.50838
0.54911
0.39443
0.097127
-0.23767
-0.49069
-0.57169
-0.45105
-0.16975
0.17436
0.45969
0.58377
0.50077
0.23898
-0.1093
-0.42111
-0.58618
-0.54518
-0.31079
0.035529
0.37133
0.5769
0.57871
-0.52015
0.086618
0.66546
1.0099
0.99579
0.62627
0.031884
-0.57595
-0.98054
-1.037
-0.72366
-0.15033
0.47969
0.94134
1.0686
0.81463
0.26896
-0.37476
-0.88746
-1.0855
-0.89629
-0.38533
0.26566
0.82381
1.0892
0.96642
0.49761
-0.15201
-0.75104
-1.0835
-1.0295
-0.61238
0.010096
0.61217
0.99071
1.0358
0.7535
0.24639
-0.32567
-0.78672
-0.98822
-0.85573
-0.42456
0.16022
0.69106
0.97627
0.91326
0.52519
-0.049829
-0.60854
-0.95298
-0.9596
-0.6242
-0.065112
0.51868
0.91932
0.99425
0.7162
0.18265
-0.41791
-0.87187
-1.0166
-0.79938
-0.29662
0.31344
0.81426
1.0275
0.87598
0.41181
-0.201
-0.74435
-1.0241
-0.5287
0.082934
0.66801
1.0179
1.0064
0.63575
0.03691
-0.57721
-0.98771
-1.0476
-0.73397
-0.15664
0.47967
0.94767
1.0791
0.82562
0.27654
-0.37335
-0.89279
-1.0958
-0.90782
-0.39402
0.26294
0.82808
1.099
0.97838
0.50747
-0.14785
-0.75414
-1.0928
-1.0415
-0.62276
0.0050044
0.61399
0.99849
1.0465
0.76336
0.25205
-0.3259
-0.79243
-0.9972
-0.86483
-0.4307
0.15904
0.69521
0.98434
0.92247
0.53231
-0.047324
-0.61157
-0.96052
-0.96902
-0.63224
-0.068962
0.5204
0.92605
1.0037
0.72504
0.18777
-0.41833
-0.87773
-1.0259
-0.80886
-0.30297
0.31248
0.8191
1.0365
0.88598
0.4193
-0.19869
-0.74808
-1.0326
0.32544
0.70955
0.8436
0.68054
0.27806
-0.22206
-0.64392
-0.83926
-0.73931
-0.37892
0.11529
0.56934
0.82318
0.78733
0.47425
-0.0061971
-0.48528
-0.79429
-0.82379
-0.56254
-0.10208
0.39542
0.7546
0.84872
0.64399
0.21139
-0.29745
-0.70281
-0.86042
-0.7136
-0.31409
0.19711
0.64091
0.86314
0.78659
0.43618
-0.069066
-0.55466
-0.84964
-0.8475
-0.54681
-0.053672
0.45633
0.80228
0.8628
0.61822
0.15624
-0.35943
-0.74667
-0.86906
-0.68427
-0.25881
0.2561
0.67859
0.8603
0.73813
0.35606
-0.15053
-0.60265
-0.84106
-0.78248
-0.44864
0.042101
0.51671
0.80833
0.81469
0.53409
0.065921
-0.42455
-0.76468
-0.83522
-0.61188
0.32976
0.70016
0.82391
0.65764
0.26012
-0.22866
-0.63692
-0.82124
-0.71673
-0.35985
0.12407
0.56472
0.80687
0.76521
0.45422
-0.017051
-0.48315
-0.77999
-0.80246
-0.54182
-0.089384
0.3956
0.74226
0.82831
0.62276
0.19686
-0.30012
-0.69268
-0.84117
-0.69219
-0.2981
0.20224
0.63361
0.84578
0.76443
0.41576
-0.08143
-0.5546
-0.83637
-0.82476
-0.52209
-0.035703
0.46104
0.79204
0.84141
0.59345
0.13698
-0.36633
-0.73877
-0.84923
-0.65964
-0.23824
0.26527
0.67317
0.84233
0.7141
0.33458
-0.16178
-0.59969
-0.82501
-0.75917
-0.42643
0.055284
0.51623
0.79442
0.79239
0.5114
0.050951
-0.42649
-0.75298
-0.81414
-0.589
-1.0628
-0.95475
-0.51091
0.11053
0.68975
1.0233
0.99555
0.61804
0.024981
-0.57428
-0.96877
-1.0203
-0.71234
-0.15493
0.4548
0.9025
1.0314
0.79701
0.28251
-0.32999
-0.82415
-1.0263
-0.86667
-0.40247
0.20256
0.73538
1.0077
0.92325
0.51286
-0.076963
-0.63943
-0.98222
-0.99061
-0.6591
-0.08956
0.53661
1.0077
1.1482
0.88758
0.30115
-0.40639
-0.97629
-1.1983
-0.9925
-0.43638
0.26885
0.87284
1.1638
1.0414
0.55147
-0.1301
-0.76032
-1.1166
-1.0757
-0.65554
-0.0072706
0.63907
1.0555
1.0965
0.75036
0.14226
-0.51121
-0.9796
-1.0996
-0.83137
-0.27184
0.38011
0.89404
1.0898
0.90065
0.39605
-0.24453
-1.0649
-0.95506
-0.50933
0.11343
0.69295
1.0257
0.99625
0.61685
0.022323
-0.57747
-0.97136
-1.0214
-0.71155
-0.15254
0.45794
0.90528
1.0329
0.79663
0.28044
-0.33302
-0.82707
-1.0281
-0.86668
-0.40073
0.20545
0.7384
1.0098
0.92367
0.51147
-0.079667
-0.6425
-0.98457
-0.99142
-0.65806
-0.086965
0.53994
1.0106
1.1497
0.88703
0.29868
-0.40994
-0.97964
-1.2002
-0.99237
-0.43423
0.27224
0.87626
1.1661
1.0417
0.5497
-0.13328
-0.76379
-1.1191
-1.0764
-0.65419
-0.0043529
0.64251
1.0582
1.0976
0.74942
0.13963
-0.51458
-0.98253
-1.101
-0.83085
-0.26953
0.38337
0.89711
1.0916
0.90055
0.3941
-0.24763
-1.4607
-1.0145
-0.20002
0.68943
1.3311
1.4919
1.1141
0.33513
-0.56424
-1.2608
-1.5034
-1.2025
-0.46569
0.4399
1.1855
1.5023
1.2778
0.59362
-0.30505
-1.095
-1.4897
-1.3447
-0.71399
0.17144
0.9915
1.4535
1.3925
0.8273
-0.040799
-0.8935
-1.4167
-1.4318
-0.9668
-0.22159
0.54416
1.1184
1.3765
1.2667
0.79912
0.070704
-0.71392
-1.2839
-1.4124
-1.0312
-0.2725
0.58579
1.2329
1.4385
1.1288
0.41095
-0.4599
-1.1686
-1.4558
-1.2163
-0.53686
0.33784
1.0943
1.4604
1.3014
0.67116
-0.20374
-1.0062
-1.4455
-1.3634
-0.78921
0.071773
0.91065
1.424
1.4239
0.90883
0.065259
-0.80168
-1.467
-1.0177
-0.19892
0.69443
1.3382
1.4986
1.1179
0.33469
-0.56878
-1.2679
-1.5103
-1.2069
-0.46591
0.44396
1.1924
1.5095
1.2828
0.59453
-0.30854
-1.1017
-1.4971
-1.3502
-0.71558
0.17435
0.99786
1.4611
1.3985
0.82958
-0.043093
-0.89955
-1.4243
-1.4382
-0.9699
-0.22057
0.54866
1.1248
1.383
1.2715
0.80103
0.06911
-0.71862
-1.2902
-1.4182
-1.0343
-0.27182
0.59006
1.2393
1.4447
1.1325
0.4109
-0.46373
-1.1748
-1.4622
-1.2205
-0.53742
0.34123
1.1005
1.4671
1.3062
0.67239
-0.2066
-1.0121
-1.4524
-1.3687
-0.79108
0.074094
0.91636
1.431
1.4297
0.91137
0.063539
-0.80705
1.2071
1.3629
1.0326
0.33349
-0.48443
-1.1282
-1.3683
-1.1207
-0.47505
0.3388
1.0314
1.3557
1.1954
0.60868
-0.193
-0.92262
-1.3213
-1.2492
-0.73262
0.04463
0.80498
1.2759
1.2899
0.84522
0.10379
-0.67019
-1.2035
-1.307
-0.94233
-0.24019
0.5439
1.128
1.3148
1.06
0.46875
-0.26193
-0.91077
-1.2837
-1.2553
-0.81184
-0.07975
0.69531
1.2327
1.3311
0.95257
0.23471
-0.56581
-1.167
-1.3572
-1.0668
-0.39578
0.41802
1.0833
1.3621
1.156
0.53896
-0.27071
-0.98652
-1.3534
-1.2386
-0.68192
0.11782
0.87485
1.3199
1.2955
0.80987
0.034716
-0.7543
-1.2749
-1.3406
-0.92816
-0.18592
1.2325
1.3662
1.0126
0.29718
-0.52427
-1.1575
-1.3768
-1.1055
-0.44137
0.37911
1.0642
1.3694
1.1852
0.57811
-0.23315
-0.95825
-1.3399
-1.2442
-0.70577
0.083911
0.84287
1.2991
1.2901
0.82245
0.066007
-0.70974
-1.2309
-1.3126
-0.92413
-0.20454
0.58441
1.159
1.3252
1.0462
0.43557
-0.30274
-0.94477
-1.2988
-1.2462
-0.78176
-0.03937
0.73165
1.2521
1.3269
0.92619
0.19553
-0.60402
-1.1908
-1.3582
-1.0448
-0.35838
0.45761
1.1111
1.3684
1.1386
0.504
-0.31098
-1.0179
-1.3649
-1.2262
-0.64995
0.15808
0.90925
1.3364
1.2882
0.78143
-0.004897
-0.79117
-1.2961
-1.3386
-0.90374
-0.14767
-0.26069
-0.69152
-0.87715
-0.75031
-0.35552
0.16659
0.63005
0.86998
0.80065
0.44561
-0.069882
-0.56225
-0.85502
-0.84291
-0.53006
-0.027939
0.48503
0.82638
0.87353
0.60784
0.12311
-0.40703
-0.79229
-0.89523
-0.67961
-0.22147
0.31761
0.74524
0.90565
0.73895
0.30744
-0.22815
-0.67511
-0.88475
-0.80072
-0.46393
0.013566
0.48432
0.80184
0.8595
0.62911
0.18154
-0.32984
-0.72359
-0.85919
-0.68926
-0.27494
0.2373
0.66672
0.86085
0.74983
0.37255
-0.13665
-0.5967
-0.84478
-0.79333
-0.46023
0.037237
0.52278
0.82339
0.83161
0.54445
0.064007
-0.43943
-0.78759
-0.85661
-0.62095
-0.16346
0.35324
0.74494
0.87209
0.68941
-0.26281
-0.6933
-0.87795
-0.74987
-0.35399
0.16868
0.63195
0.87103
0.80049
0.44429
-0.071894
-0.56425
-0.85631
-0.84304
-0.52898
-0.026035
0.48709
0.82787
0.87393
0.60702
0.12135
-0.40911
-0.79396
-0.89591
-0.67905
-0.21988
0.31968
0.74706
0.90658
0.73868
0.30606
-0.23018
-0.67706
-0.88594
-0.8007
-0.46267
0.015613
0.48641
0.80321
0.85964
0.62797
0.17953
-0.33202
-0.72517
-0.85962
-0.68839
-0.27308
0.2395
0.66847
0.86155
0.74923
0.37087
-0.13882
-0.5986
-0.84574
-0.79302
-0.45876
0.039347
0.52479
0.82459
0.83158
0.54321
0.061991
-0.44152
-0.78901
-0.85687
-0.61996
-0.16158
0.35536
0.74655
0.87263
0.68869
0.18358
-0.11901
-0.38152
-0.51039
-0.45927
-0.24583
0.055
0.3379
0.5035
0.49248
0.30688
0.010878
-0.29107
-0.4918
-0.52012
-0.3656
-0.081384
0.234
0.46971
0.54093
0.42023
0.14916
-0.17651
-0.44205
-0.55446
-0.47333
-0.22409
0.10848
0.40628
0.55948
0.51043
0.27896
-0.046177
-0.34572
-0.51744
-0.50998
-0.33379
-0.052479
0.23838
0.44073
0.48637
0.36152
0.11216
-0.17318
-0.39529
-0.47776
-0.39176
-0.16607
0.12091
0.36719
0.48396
0.42898
0.22192
-0.063752
-0.32757
-0.47679
-0.45804
-0.27657
0.0042211
0.28465
0.46485
0.48095
0.3273
0.057644
-0.23373
-0.44418
-0.49848
-0.37626
-0.12025
0.179
0.41581
0.50681
0.19292
-0.11669
-0.38719
-0.52217
-0.47306
-0.25673
0.050976
0.3423
0.51488
0.50687
0.31919
0.016665
-0.29401
-0.50256
-0.53497
-0.37924
-0.088898
0.2354
0.47966
0.55601
0.43512
0.15849
-0.17619
-0.45097
-0.56951
-0.48918
-0.23506
0.10641
0.41403
0.57444
0.52727
0.29152
-0.042308
-0.35142
-0.52983
-0.52406
-0.3447
-0.057285
0.24024
0.4479
0.49625
0.3709
0.11791
-0.17312
-0.40109
-0.48748
-0.402
-0.17322
0.1194
0.37191
0.49337
0.43983
0.23038
-0.060751
-0.33121
-0.48589
-0.46947
-0.28634
-0.00040147
0.28691
0.47332
0.49273
0.33824
0.06381
-0.23462
-0.45193
-0.51046
-0.38831
-0.12806
0.17829
0.4226
0.51879
-0.20947
-0.057562
0.11331
0.24104
0.28029
0.21884
0.080652
-0.084024
-0.21653
-0.26988
-0.22547
-0.10033
0.059021
0.19456
0.25861
0.23015
0.1207
-0.030343
-0.1688
-0.24462
-0.23089
-0.13434
0.0082346
0.14544
0.22983
0.23258
0.15238
0.017653
-0.12137
-0.21261
-0.22571
-0.16357
-0.053524
0.071867
0.18587
0.26366
0.2767
0.20207
0.044896
-0.14802
-0.30221
-0.35197
-0.27433
-0.098721
0.10894
0.27398
0.33884
0.28123
0.12203
-0.080679
-0.25245
-0.33095
-0.28943
-0.14503
0.049224
0.2237
0.31612
0.29354
0.16499
-0.021562
-0.19762
-0.30011
-0.2938
-0.18256
-0.0071373
0.16909
0.28248
0.29258
0.19727
0.032823
-0.1406
-0.26118
-0.20819
-0.056267
0.11415
0.24114
0.27961
0.21764
0.079357
-0.084949
-0.21676
-0.26934
-0.22436
-0.09905
0.060005
0.1949
0.25819
0.22914
0.11946
-0.031372
-0.16925
-0.24434
-0.22997
-0.13314
0.0092894
0.14597
0.22966
0.23178
0.15123
0.016589
-0.12197
-0.21254
-0.22501
-0.16248
-0.052408
0.07266
0.18609
0.2632
0.27563
0.20067
0.0436
-0.14876
-0.30209
-0.351
-0.27285
-0.097257
0.10986
0.27404
0.33803
0.27984
0.12056
-0.081713
-0.25268
-0.3303
-0.28814
-0.14357
0.050344
0.22408
0.31563
0.29236
0.16354
-0.022758
-0.19814
-0.29978
-0.29274
-0.18116
-0.0058931
0.16973
0.2823
0.29165
0.19592
0.031541
-0.14135
-0.26115
-1.1414
-1.2684
-0.93858
-0.2699
0.49642
1.0838
1.2814
1.0192
0.39119
-0.37816
-1.0128
-1.2834
-1.091
-0.50524
0.26171
0.93386
1.2708
1.1516
0.61734
-0.14152
-0.85095
-1.2532
-1.2034
-0.72178
0.017569
0.75109
1.2167
1.2434
0.81663
0.092651
-0.65788
-1.1627
-1.2616
-0.95611
-0.37624
0.29495
0.87881
1.2229
1.2166
0.82955
0.15548
-0.58835
-1.1336
-1.2742
-0.95536
-0.29392
0.4713
1.0678
1.2832
1.0392
0.42147
-0.34754
-0.98986
-1.2746
-1.1012
-0.53291
0.22731
0.90765
1.2632
1.1649
0.64797
-0.1007
-0.81153
-1.2302
-1.2073
-0.75058
-0.022842
0.71451
1.1953
1.2461
0.8495
0.1488
-1.1319
-1.2672
-0.9461
-0.28347
0.48161
1.073
1.2784
1.0251
0.40388
-0.36319
-1.0009
-1.2787
-1.0952
-0.5169
0.24677
0.92093
1.2644
1.1541
0.62777
-0.12685
-0.83723
-1.2454
-1.2042
-0.73084
0.0033709
0.73678
1.2073
1.2423
0.82421
0.1062
-0.64318
-1.152
-1.2585
-0.96171
-0.38848
0.28015
0.8663
1.2168
1.219
0.83972
0.17
-0.57453
-1.1254
-1.2745
-0.96408
-0.30797
0.45691
1.0581
1.2818
1.0464
0.43488
-0.33274
-0.97894
-1.2715
-1.1069
-0.54548
0.21234
0.89558
1.2583
1.169
0.6595
-0.085763
-0.7985
-1.2237
-1.2096
-0.76092
-0.037536
0.70067
1.1872
1.2467
0.85849
0.16302
-0.45998
-0.46708
-0.30445
-0.031792
0.25057
0.43946
0.46749
0.32671
0.069595
-0.21067
-0.4129
-0.46387
-0.34565
-0.10302
0.17393
0.38451
0.45425
0.35993
0.13641
-0.13521
-0.35572
-0.44463
-0.37128
-0.16568
0.095571
0.31893
0.42561
0.37709
0.19022
-0.065058
-0.29208
-0.41077
-0.39243
-0.26173
-0.06839
0.14184
0.33112
0.45519
0.46175
0.31864
0.051019
-0.25081
-0.4686
-0.51459
-0.37165
-0.095447
0.2129
0.44417
0.51628
0.40206
0.14162
-0.16981
-0.41759
-0.51194
-0.42049
-0.17769
0.12895
0.38907
0.50809
0.44225
0.21607
-0.086731
-0.35552
-0.49378
-0.45283
-0.24805
0.046406
0.32335
0.48154
0.46384
0.27839
-0.005788
-0.45395
-0.46134
-0.30101
-0.031876
0.24701
0.4337
0.46156
0.3227
0.068916
-0.2078
-0.40751
-0.45786
-0.34116
-0.10162
0.17176
0.37955
0.44827
0.35502
0.1343
-0.13379
-0.3513
-0.43877
-0.36607
-0.16293
0.094907
0.3151
0.41998
0.37164
0.18687
-0.065144
-0.28891
-0.40547
-0.38686
-0.25779
-0.067446
0.1394
0.32605
0.44915
0.45685
0.31664
0.052687
-0.24602
-0.46239
-0.50915
-0.3689
-0.096352
0.20866
0.43807
0.51048
0.39862
0.14175
-0.16614
-0.41169
-0.50589
-0.41644
-0.17705
0.12593
0.38347
0.50189
0.43764
0.21468
-0.084413
-0.35032
-0.48754
-0.44775
-0.24594
0.044816
0.31862
0.47535
0.45838
0.27559
-0.0049545
0.03834
0.64146
1.0146
1.023
0.66368
0.066817
-0.55206
-0.97098
-1.0408
-0.73723
-0.16902
0.45967
0.92209
1.0517
0.80321
0.26829
-0.35996
-0.85676
-1.0447
-0.85631
-0.35958
0.2652
0.79153
1.0309
0.90059
0.44975
-0.16009
-0.71069
-1.0027
-0.93036
-0.52548
0.055607
0.60214
0.93764
0.97683
0.72932
0.27187
-0.27526
-0.76059
-1.0257
-0.95892
-0.55744
0.049582
0.64367
1.0066
1.0076
0.64869
0.058358
-0.55487
-0.97311
-1.045
-0.74253
-0.17351
0.45726
0.92393
1.0605
0.81838
0.28276
-0.35588
-0.86839
-1.0697
-0.88732
-0.38718
0.2511
0.79954
1.0623
0.94457
0.48755
-0.14493
-0.72499
-1.044
-0.9881
-0.010019
0.61019
1.0115
1.0491
0.70956
0.11603
-0.51703
-0.96249
-1.0617
-0.77998
-0.21829
0.42148
0.90856
1.0675
0.84259
0.31708
-0.31911
-0.8383
-1.0551
-0.89174
-0.40727
0.22233
0.76871
1.0361
0.93173
0.49567
-0.11575
-0.68374
-1.0027
-0.95719
-0.56936
0.010118
0.57042
0.92995
0.99574
0.76951
0.32165
-0.2312
-0.73702
-1.0316
-0.99348
-0.60906
-0.00079845
0.61264
1.0059
1.0373
0.69806
0.10981
-0.5196
-0.96658
-1.0695
-0.78924
-0.22568
0.41826
0.9119
1.0796
0.86178
0.33496
-0.31351
-0.85092
-1.0833
-0.92694
-0.43862
0.2062
0.77712
1.0703
0.98006
0.53782
-0.097864
-0.69787
-1.0463
-1.0189
0.10294
0.32371
0.43056
0.38177
0.19185
-0.071618
-0.3123
-0.44133
-0.41045
-0.22923
0.038509
0.29659
0.45012
0.44061
0.2694
-0.0017832
-0.27413
-0.44867
-0.46157
-0.30628
-0.036832
0.24947
0.44683
0.48166
0.34117
0.076808
-0.21665
-0.43454
-0.49677
-0.37704
-0.11868
0.17623
0.39027
0.44863
0.35393
0.17232
-0.016158
-0.16082
-0.24651
-0.27117
-0.22876
-0.11746
0.040123
0.19243
0.27994
0.26564
0.15247
-0.019826
-0.19078
-0.29904
-0.30233
-0.19422
-0.010206
0.18338
0.31475
0.33427
0.23234
0.042668
-0.16849
-0.32423
-0.36479
-0.27151
-0.075738
0.15229
0.32967
0.39076
0.31054
0.11452
-0.12828
-0.3291
-0.41246
-0.34547
0.1029
0.32393
0.43095
0.38216
0.19208
-0.071661
-0.31259
-0.44175
-0.41082
-0.22939
0.038635
0.29697
0.45061
0.44102
0.26954
-0.0019723
-0.27459
-0.44922
-0.462
-0.30641
-0.036585
0.25002
0.44748
0.48216
0.34131
0.076538
-0.21725
-0.43527
-0.49735
-0.37723
-0.11839
0.17684
0.39092
0.44907
0.35414
0.1725
-0.015812
-0.16033
-0.24614
-0.27124
-0.2294
-0.11847
0.039148
0.19186
0.27995
0.26619
0.15332
-0.019002
-0.19029
-0.29905
-0.30281
-0.19496
-0.010917
0.18296
0.31476
0.33467
0.23296
0.04326
-0.16816
-0.32427
-0.36516
-0.27204
-0.076213
0.15206
0.32976
0.39111
0.311
0.11491
-0.12814
-0.32924
-0.41281
-0.34588
0.10194
0.1042
0.072975
0.017753
-0.044531
-0.094012
-0.11375
-0.095909
-0.045375
0.021534
0.082945
0.1187
0.11634
0.074968
0.0065886
-0.066508
-0.11909
-0.13248
-0.10145
-0.035453
0.044748
0.11294
0.145
0.12761
0.064877
-0.022058
-0.10353
-0.15252
-0.15221
-0.099587
-0.0085026
0.088798
0.1494
0.14091
0.065228
-0.036167
-0.1054
-0.10536
-0.041984
0.044566
0.10928
0.12711
0.098143
0.038232
-0.031394
-0.089294
-0.11732
-0.10615
-0.060055
0.0042969
0.065001
0.10319
0.1081
0.078985
0.025196
-0.03584
-0.084037
-0.10395
-0.090157
-0.048105
0.0086656
0.062664
0.097017
0.1005
0.071758
0.020246
-0.037277
-0.082705
-0.10205
-0.089039
-0.047004
0.011313
0.11248
0.10722
0.067457
0.0057099
-0.058764
-0.10536
-0.11822
-0.091973
-0.034507
0.035424
0.094897
0.12447
0.11393
0.065288
-0.006855
-0.078922
-0.1261
-0.13165
-0.093133
-0.022666
0.057418
0.12099
0.14561
0.12064
0.052859
-0.034843
-0.11256
-0.1546
-0.14666
-0.088458
0.0042401
0.098759
0.15327
0.13739
0.055202
-0.049895
-0.11875
-0.11397
-0.042574
0.052749
0.12378
0.14289
0.10952
0.041098
-0.038003
-0.10292
-0.13306
-0.1184
-0.064467
0.0092646
0.077541
0.11878
0.12115
0.084862
0.021869
-0.047124
-0.099219
-0.11761
-0.097427
-0.046431
0.018624
0.077291
0.11107
0.10898
0.0717
0.011717
-0.051195
-0.097021
-0.11166
-0.090563
-0.03997
0.02433
-0.25954
-0.70313
-0.89441
-0.76743
-0.36974
0.1551
0.61978
0.86059
0.79491
0.44899
-0.052398
-0.53054
-0.81625
-0.81019
-0.51784
-0.046226
0.43585
0.75825
0.80915
0.5735
0.13769
-0.34173
-0.69461
-0.79804
-0.61922
-0.22525
0.24201
0.61671
0.76817
0.64717
0.30099
-0.14883
-0.55322
-0.78384
-0.76542
-0.49156
-0.030689
0.47954
0.86269
0.96457
0.72422
0.21399
-0.38163
-0.84165
-0.99869
-0.80046
-0.32203
0.26602
0.75741
0.97975
0.85465
0.42726
-0.14888
-0.66801
-0.94694
-0.88947
-0.51834
0.033964
0.5715
0.90378
0.91383
0.60023
0.076782
-0.46959
-0.84587
-0.92053
-0.66904
-0.18225
0.36578
0.78004
0.91468
0.72464
-0.24825
-0.69538
-0.89297
-0.77279
-0.37995
0.14372
0.6113
0.85802
0.79913
0.45846
-0.041086
-0.52145
-0.81264
-0.81331
-0.52655
-0.057376
0.42625
0.75362
0.81112
0.58134
0.14857
-0.33175
-0.68908
-0.79892
-0.62614
-0.23572
0.23174
0.61034
0.76799
0.6532
0.31101
-0.13834
-0.54575
-0.7817
-0.76926
-0.50036
-0.042068
0.46887
0.85616
0.96461
0.73114
0.22557
-0.36948
-0.83331
-0.99714
-0.80618
-0.33295
0.25383
0.7483
0.97697
0.85918
0.43745
-0.13671
-0.65823
-0.94304
-0.89281
-0.52769
0.021946
0.56113
0.89877
0.91594
0.60867
0.08849
-0.45881
-0.83987
-0.92144
-0.67651
-0.19358
0.35465
0.7731
0.91439
0.73105
-0.77209
-0.21425
0.41758
0.89778
1.0557
0.83676
0.32158
-0.30458
-0.81848
-1.0382
-0.88695
-0.42039
0.19346
0.73467
1.0109
0.9259
0.51273
-0.079733
-0.63997
-0.96873
-0.95008
-0.59305
-0.027712
0.54298
0.91657
0.96212
0.66526
0.13337
-0.44194
-0.85497
-0.96342
-0.73912
-0.26898
0.2884
0.76111
1.0091
0.95137
0.586
0.006134
-0.60725
-1.0359
-1.1103
-0.78854
-0.182
0.48846
0.98056
1.1206
0.86185
0.29761
-0.37168
-0.90752
-1.1183
-0.92913
-0.40954
0.25341
0.82329
1.0982
0.9815
0.51541
-0.13299
-0.73146
-1.0664
-1.0197
-0.61029
0.014554
0.63181
1.0219
1.0464
0.69791
0.10241
-0.52628
-0.964
-0.78394
-0.21579
0.42689
0.91448
1.0736
0.84933
0.32426
-0.31266
-0.83429
-1.0559
-0.90006
-0.42408
0.20051
0.7498
1.0285
0.93955
0.5175
-0.085515
-0.65414
-0.98606
-0.96415
-0.59867
-0.022899
0.55637
0.9336
0.97661
0.67193
0.12974
-0.45451
-0.87175
-0.97821
-0.74692
-0.26783
0.29743
0.7753
1.0254
0.96663
0.59654
0.0082286
-0.61559
-1.0531
-1.1307
-0.80486
-0.18817
0.4946
0.99659
1.1405
0.87848
0.30487
-0.37644
-0.92255
-1.138
-0.94629
-0.41788
0.25683
0.83714
1.1174
0.99902
0.52484
-0.13508
-0.74421
-1.0851
-1.0374
-0.62056
0.015388
0.64341
1.04
1.0644
0.70909
0.10281
-0.53669
-0.98132
1.5714
0.48654
-0.77212
-1.7561
-2.1138
-1.7176
-0.71006
0.54821
1.6089
2.0953
1.835
0.92047
-0.32218
-1.4486
-2.0565
-1.9302
-1.1174
0.090788
1.2645
1.9861
1.9984
1.2973
0.13499
-1.0714
-1.8918
-2.0365
-1.4562
-0.35781
0.86733
1.781
2.0592
1.6143
0.62111
-0.56453
-1.5491
-2.0318
-1.8768
-1.1304
-0.0087876
1.1418
1.9323
2.0663
1.4701
0.34359
-0.90842
-1.8343
-2.1054
-1.6297
-0.57681
0.68199
1.7009
2.1154
1.7757
0.8029
-0.45502
-1.5504
-2.0952
-1.8963
-1.0231
0.21523
1.3775
2.0483
1.9887
1.221
0.019338
-1.1895
-1.9761
-2.06
-1.4099
-0.25746
0.98562
1.8758
1.5708
0.48622
-0.77198
-1.7556
-2.1131
-1.7169
-0.70963
0.5482
1.6084
2.0946
1.8343
0.91994
-0.3223
-1.4483
-2.0558
-1.9295
-1.1168
0.091044
1.2643
1.9856
1.9977
1.2967
0.13461
-1.0714
-1.8914
-2.0358
-1.4555
-0.35731
0.86745
1.7807
2.0586
1.6135
0.62053
-0.5647
-1.5487
-2.0311
-1.8761
-1.1299
-0.0088054
1.1412
1.9315
2.0655
1.4695
0.34355
-0.90794
-1.8335
-2.1045
-1.629
-0.57663
0.68164
1.7001
2.1145
1.775
0.8026
-0.45481
-1.5497
-2.0943
-1.8955
-1.0227
0.21516
1.3769
2.0475
1.9879
1.2205
0.019274
-1.1891
-1.9754
-2.0592
-1.4093
-0.25726
0.98533
1.8751
0.066727
-0.56765
-1.003
-1.0843
-0.78128
-0.20052
0.45198
0.94472
1.1032
0.87129
0.33006
-0.32982
-0.87455
-1.11
-0.95174
-0.45601
0.20113
0.78719
1.0951
1.0154
0.57495
-0.070989
-0.69254
-1.0682
-1.0651
-0.68544
-0.063736
0.58154
1.0225
1.1008
0.7864
0.19262
-0.46448
-0.95029
-1.1011
-0.87843
-0.36971
0.25122
0.78135
1.0467
0.95453
0.52971
-0.084527
-0.67168
-1.0215
-1.0092
-0.64048
-0.0462
0.56522
0.97941
1.0495
0.74858
0.18169
-0.45061
-0.92436
-1.0723
-0.84239
-0.31472
0.32576
0.85312
1.0799
0.92441
0.44121
-0.19891
-0.76991
-1.0703
-0.99325
-0.56456
0.065427
0.67375
1.0443
1.0451
0.091191
-0.54793
-0.99499
-1.0907
-0.79964
-0.22423
0.43134
0.93441
1.1068
0.8873
0.35271
-0.30865
-0.86236
-1.111
-0.96546
-0.47746
0.17961
0.77322
1.0936
1.0268
0.59497
-0.049513
-0.67724
-1.0644
-1.0741
-0.70393
-0.085039
0.56509
1.0167
1.1076
0.80325
0.2138
-0.44588
-0.94038
-1.1037
-0.89398
-0.39457
0.22451
0.76203
1.0423
0.96745
0.55577
-0.0546
-0.64862
-1.0134
-1.0187
-0.6639
-0.07508
0.54118
0.96868
1.0557
0.76934
0.2094
-0.42584
-0.91124
-1.0754
-0.86028
-0.34096
0.30056
0.83788
1.0798
0.93939
0.4657
-0.17369
-0.75288
-1.0674
-1.0053
-0.58719
0.040394
0.6552
1.0386
1.0543
0.47982
-0.67737
-1.5878
-1.9259
-1.5735
-0.66135
0.48045
1.4435
1.8863
1.6535
0.83003
-0.28729
-1.2965
-1.8365
-1.7181
-0.98919
0.0869
1.1261
1.7582
1.758
1.1273
0.096373
-0.96213
-1.6711
-1.7828
-1.261
-0.29167
0.77896
1.5638
1.7808
1.3646
0.48501
-0.5411
-1.3859
-1.8133
-1.7129
-1.0964
-0.10351
0.99073
1.8216
2.062
1.5797
0.52444
-0.72113
-1.6999
-2.061
-1.6825
-0.70468
0.52306
1.5624
2.04
1.7844
0.89088
-0.31568
-1.4019
-1.9819
-1.8513
-1.0587
0.11096
1.2366
1.914
1.9027
1.2116
0.09198
-1.0552
-1.8208
-1.9322
-1.3514
-0.2895
0.86989
1.7112
1.9364
0.50086
-0.65581
-1.5734
-1.9239
-1.5845
-0.68128
0.45876
1.4278
1.8822
1.6622
0.84857
-0.2657
-1.2796
-1.8303
-1.7248
-1.0062
0.065708
1.1083
1.7501
1.7624
1.1427
0.11707
-0.94355
-1.6612
-1.785
-1.2745
-0.31146
0.75991
1.5524
1.7811
1.3764
0.50399
-0.52131
-1.3715
-1.8085
-1.7192
-1.1127
-0.12568
0.96923
1.8081
2.0615
1.593
0.54691
-0.6977
-1.6841
-2.0583
-1.6938
-0.72598
0.49942
1.5449
2.0349
1.7935
0.91084
-0.29214
-1.3833
-1.9748
-1.8583
-1.0772
0.087585
1.2168
1.9048
1.9073
1.2284
0.11473
-1.0346
-1.8097
-1.9347
-1.3664
-0.3116
0.84865
1.6984
1.9365
-0.28597
0.37075
0.90524
1.1214
0.93444
0.40528
-0.27879
-0.87141
-1.1568
-1.0276
-0.524
0.1782
0.82755
1.1866
1.12
0.64659
-0.066675
-0.76507
-1.1967
-1.2015
-0.77016
-0.052523
0.6934
1.1958
1.2708
0.88788
0.1792
-0.60656
-1.1859
-1.34
-1.006
-0.31566
0.45314
1.0057
1.1685
0.94996
0.49361
-0.023528
-0.46477
-0.74358
-0.8033
-0.61838
-0.22512
0.25851
0.6619
0.83196
0.70077
0.31256
-0.19581
-0.64431
-0.8705
-0.78638
-0.41405
0.11725
0.61659
0.90193
0.86669
0.51787
-0.025249
-0.57052
-0.91968
-0.94101
-0.62037
-0.068567
0.51817
0.92848
1.011
0.72913
0.17756
-0.44842
-0.92205
-1.0684
-0.28602
0.3781
0.91742
1.1341
0.94323
0.40706
-0.28465
-0.88285
-1.1698
-1.0376
-0.5275
0.18245
0.83805
1.1996
1.1311
0.65176
-0.069214
-0.77444
-1.2096
-1.2134
-0.77694
-0.051761
0.70145
1.2084
1.2834
0.89618
0.18026
-0.61313
-1.1978
-1.3531
-1.0157
-0.31852
0.45812
1.0167
1.1817
0.96057
0.49795
-0.026953
-0.47468
-0.75642
-0.81449
-0.62397
-0.22313
0.26738
0.67452
0.84389
0.70778
0.31216
-0.20348
-0.65656
-0.88301
-0.79472
-0.41527
0.12359
0.62826
0.91481
0.87625
0.52072
-0.030114
-0.58139
-0.93271
-0.95162
-0.62481
-0.065271
0.52805
0.94146
1.0225
0.73511
0.17592
-0.45712
-0.93473
-1.0806
-1.1857
-1.0835
-0.59102
0.11409
0.77647
1.1571
1.1206
0.68289
0.0024236
-0.67695
-1.1118
-1.1459
-0.76736
-0.11469
0.57528
1.0551
1.1554
0.84269
0.22929
-0.46507
-0.99028
-1.1572
-0.90859
-0.33822
0.34739
0.90525
1.1386
0.963
0.43979
-0.23959
-0.82483
-1.1108
-1.0199
-0.61498
-0.044522
0.52752
0.95896
1.1348
0.98049
0.5035
-0.16849
-0.80621
-1.1672
-1.1066
-0.643
0.052821
0.72907
1.1447
1.1507
0.74209
0.063401
-0.63977
-1.1113
-1.1804
-0.82368
-0.17011
0.54609
1.0677
1.2056
0.90815
0.28273
-0.44354
-1.0081
-1.2086
-0.97405
-0.38851
0.3379
0.94309
1.2078
1.0365
0.49288
-0.2258
-1.1855
-1.095
-0.61005
0.094334
0.76304
1.1547
1.13
0.7007
0.022217
-0.66221
-1.1074
-1.1532
-0.78378
-0.13426
0.55951
1.0487
1.1605
0.85736
0.24829
-0.44853
-0.98206
-1.1601
-0.92146
-0.35639
0.33035
0.89527
1.1391
0.97375
0.45683
-0.22243
-0.81362
-1.1092
-1.0283
-0.63048
-0.062301
0.51285
0.95211
1.1385
0.99421
0.52315
-0.14959
-0.79487
-1.1676
-1.1186
-0.66233
0.033095
0.71596
1.1429
1.161
0.76083
0.083932
-0.62481
-1.1072
-1.1887
-0.84137
-0.19088
0.52966
1.0615
1.2119
0.92469
0.30358
-0.42583
-0.99986
-1.2128
-0.98906
-0.40904
0.31921
0.93292
1.2097
1.0499
0.5128
-0.20645
0.27753
-0.055355
-0.36903
-0.55142
-0.53728
-0.33184
-0.0086766
0.3171
0.52988
0.5541
0.38094
0.071878
-0.26268
-0.50315
-0.5641
-0.42461
-0.13486
0.20223
0.46704
0.56523
0.46164
0.19362
-0.14237
-0.4264
-0.55836
-0.49247
-0.25218
0.077708
0.37947
0.54435
0.51405
0.3035
-0.0074711
-0.309
-0.50332
-0.53393
-0.39556
-0.13085
0.17967
0.43599
0.54824
0.47131
0.22742
-0.098358
-0.38968
-0.54272
-0.50338
-0.28529
0.03522
0.34503
0.53355
0.5327
0.34216
0.029617
-0.29397
-0.51393
-0.55199
-0.3938
-0.094736
0.23903
0.48831
0.56399
0.43908
0.1579
-0.17997
-0.45465
-0.56815
-0.4794
-0.21959
0.11861
0.41456
0.56299
0.29215
-0.035749
-0.35151
-0.54231
-0.53981
-0.34505
-0.027761
0.29902
0.5193
0.5548
0.39263
0.090309
-0.24419
-0.49127
-0.56307
-0.43474
-0.15245
0.18352
0.45398
0.56253
0.47024
0.21037
-0.12356
-0.4123
-0.55399
-0.49937
-0.26784
0.059004
0.36457
0.53864
0.51945
0.31789
0.010971
-0.29227
-0.49308
-0.53309
-0.40472
-0.14806
0.15905
0.41836
0.53974
0.47525
0.24261
-0.077365
-0.37048
-0.5322
-0.50525
-0.29882
0.01492
0.32524
0.52137
0.53247
0.35389
0.049002
-0.27394
-0.50043
-0.54984
-0.40375
-0.11318
0.21876
0.47349
0.55992
0.44714
0.17513
-0.1598
-0.4388
-0.56231
-0.48563
-0.23562
0.098601
0.39778
0.55543
-1.0744
-1.1569
-0.82689
-0.19909
0.50348
1.0287
1.1874
0.92243
0.32764
-0.38649
-0.96667
-1.2049
-1.0132
-0.45746
0.26357
0.8914
1.2019
1.0846
0.57975
-0.13552
-0.80716
-1.1931
-1.1526
-0.69982
0.0017601
0.70215
1.1541
1.1965
0.80905
0.12573
-0.60599
-1.1167
-1.2261
-0.91542
-0.32093
0.3412
0.86419
1.1058
1.0056
0.59067
-0.019995
-0.63045
-1.0252
-1.055
-0.70419
-0.099481
0.54176
0.99306
1.0959
0.81163
0.23685
-0.42612
-0.93961
-1.1184
-0.89837
-0.35776
0.31254
0.87604
1.1318
0.98558
0.48626
-0.18902
-0.79883
-1.1255
-1.0525
-0.60442
0.061908
0.71074
1.1096
1.1135
0.71912
0.066752
-1.0742
-1.164
-0.83888
-0.21169
0.4947
1.0268
1.1931
0.93369
0.34048
-0.3766
-0.96323
-1.2092
-1.0235
-0.47037
0.25271
0.88643
1.2046
1.094
0.59255
-0.12386
-0.80076
-1.1942
-1.1609
-0.71236
-0.010571
0.69442
1.1537
1.2036
0.82113
0.13853
-0.59698
-1.1147
-1.2319
-0.9271
-0.33455
0.33036
0.85996
1.1097
1.0165
0.60471
-0.0076475
-0.62413
-1.0272
-1.0645
-0.71786
-0.11246
0.53405
0.99329
1.1039
0.82453
0.25007
-0.41722
-0.93814
-1.1249
-0.91038
-0.37109
0.30259
0.87294
1.1366
0.99654
0.49951
-0.17816
-0.79416
-1.1286
-1.0623
-0.61742
0.050299
0.70459
1.1111
1.122
0.7317
0.078947
0.13121
0.48698
0.66882
0.61156
0.33539
-0.060901
-0.43522
-0.65338
-0.6374
-0.39318
-0.0080792
0.38021
0.63261
0.65843
0.44826
0.077594
-0.3205
-0.60333
-0.66971
-0.49585
-0.14393
0.25984
0.57043
0.67626
0.53948
0.20933
-0.19572
-0.53018
-0.67386
-0.57608
-0.27484
0.11893
0.46648
0.6547
0.63251
0.41733
0.078681
-0.28475
-0.56623
-0.67421
-0.56198
-0.25441
0.14833
0.50248
0.67724
0.60805
0.32102
-0.079531
-0.45069
-0.66109
-0.63595
-0.38364
0.006004
0.39322
0.63915
0.65623
0.43911
0.065582
-0.33129
-0.60995
-0.67059
-0.49126
-0.13623
0.26719
0.57477
0.67695
0.53743
0.2059
-0.19937
-0.53337
-0.67635
-0.57713
0.13126
0.48567
0.66661
0.60923
0.33379
-0.061199
-0.4341
-0.65124
-0.635
-0.39138
-0.0075351
0.3793
0.63055
0.65597
0.44628
0.076798
-0.31981
-0.6014
-0.66722
-0.49369
-0.14289
0.25939
0.56864
0.67376
0.53718
0.20804
-0.19552
-0.52856
-0.67139
-0.57365
-0.27332
0.11902
0.46516
0.65248
0.63016
0.41556
0.077955
-0.28429
-0.56476
-0.67219
-0.56003
-0.25318
0.14839
0.50135
0.6753
0.606
0.31961
-0.0798
-0.4497
-0.65919
-0.63381
-0.38203
0.0064976
0.39241
0.63731
0.65403
0.43733
0.064863
-0.33067
-0.60822
-0.66835
-0.48932
-0.13529
0.26678
0.57315
0.67469
0.53533
0.20473
-0.19919
-0.53189
-0.6741
-0.57491
-0.69346
-0.38469
0.059757
0.4795
0.72366
0.70636
0.43729
0.015934
-0.40606
-0.67883
-0.70636
-0.4804
-0.08418
0.33786
0.63381
0.70004
0.51673
0.1522
-0.26244
-0.57895
-0.68442
-0.54299
-0.20925
0.19369
0.52142
0.65969
0.56201
0.26455
-0.12501
-0.46534
-0.63635
-0.58643
-0.3452
0.0027536
0.358
0.62993
0.74092
0.63522
0.30943
-0.15504
-0.59828
-0.84407
-0.78584
-0.44052
0.061176
0.53443
0.81214
0.7998
0.50344
0.028062
-0.45605
-0.7738
-0.8112
-0.55779
-0.10773
0.37705
0.72458
0.81197
0.60852
0.18819
-0.29633
-0.67007
-0.80041
-0.6438
-0.2588
0.21612
0.61112
0.78493
0.67623
0.32646
-0.13614
-0.54482
-0.68658
-0.36856
0.079376
0.49563
0.7306
0.70165
0.42264
-0.0034269
-0.42323
-0.68771
-0.70382
-0.46739
-0.065326
0.35584
0.64453
0.6997
0.50548
0.13407
-0.28098
-0.59131
-0.68624
-0.53365
-0.19208
0.21258
0.5353
0.66361
0.5546
0.24851
-0.14395
-0.48049
-0.64246
-0.58144
-0.33082
0.021793
0.37549
0.64017
0.74047
0.624
0.29087
-0.17489
-0.61267
-0.84789
-0.77757
-0.423
0.081703
0.55061
0.81821
0.79364
0.48731
0.0077403
-0.47333
-0.7819
-0.80725
-0.54321
-0.087753
0.39528
0.73459
0.81023
0.5957
0.16886
-0.31527
-0.68188
-0.8009
-0.63283
-0.24031
0.23553
0.62456
0.78764
0.66728
0.30906
-0.15578
-0.5597
0.36472
0.31478
0.15558
-0.058183
-0.25313
-0.36192
-0.34601
-0.20946
0.0014616
0.21385
0.3538
0.37229
0.26194
0.059455
-0.16637
-0.3373
-0.39265
-0.31131
-0.12009
0.11541
0.31383
0.40585
0.35766
0.1832
-0.058893
-0.28442
-0.41343
-0.39927
-0.24522
-0.0030923
0.24364
0.40653
0.42296
0.28282
0.038649
-0.21201
-0.36881
-0.3743
-0.23679
-0.019297
0.19364
0.32946
0.34741
0.24527
0.058109
-0.15047
-0.30728
-0.35582
-0.2785
-0.1034
0.10725
0.28006
0.35542
0.30701
0.1511
-0.058045
-0.24684
-0.34896
-0.32911
-0.19477
0.007301
0.20735
0.336
0.34807
0.23887
0.046364
-0.16229
-0.31473
-0.35839
-0.27801
-0.10071
0.11277
0.41621
0.34587
0.15515
-0.089965
-0.30483
-0.41499
-0.38149
-0.21476
0.028159
0.26295
0.4077
0.41167
0.27269
0.03778
-0.21262
-0.39155
-0.43554
-0.32756
-0.10392
0.15819
0.36785
0.4517
0.37895
0.17243
-0.097764
-0.33751
-0.46177
-0.4255
-0.23986
0.031854
0.29549
0.457
0.45512
0.28675
0.013625
-0.25839
-0.42314
-0.42052
-0.26015
-0.011229
0.23154
0.38469
0.4005
0.27711
0.057293
-0.18348
-0.36053
-0.41024
-0.31468
-0.10839
0.13524
0.33095
0.41088
0.34714
0.1616
-0.080859
-0.29479
-0.40489
-0.373
-0.21091
0.024629
0.25183
0.39161
0.39491
0.2602
0.034579
-0.20296
-0.36971
-0.40797
-0.30445
-0.094642
0.14905
1.2141
1.4376
1.1508
0.456
-0.39914
-1.1102
-1.4254
-1.2344
-0.60693
0.23416
0.99094
1.3953
1.304
0.75039
-0.067591
-0.85895
-1.3439
-1.3519
-0.88115
-0.098218
0.71915
1.2805
1.3869
1.0023
0.2648
-0.56399
-1.1915
-1.3957
-1.1035
-0.41888
0.41312
1.0989
1.4057
1.2406
0.66839
-0.12398
-0.88832
-1.381
-1.4293
-0.99399
-0.20356
0.67198
1.3155
1.4886
1.1274
0.36484
-0.52418
-1.2242
-1.4887
-1.2244
-0.52474
0.36056
1.1147
1.4689
1.2991
0.66833
-0.19819
-0.99284
-1.4336
-1.3638
-0.80919
0.031352
0.85756
1.3762
1.4049
0.93509
0.13418
-0.71303
-1.3052
-1.4321
-1.0502
-0.29712
1.2044
1.4462
1.1746
0.48669
-0.37246
-1.0971
-1.4305
-1.2562
-0.63757
0.20548
0.97446
1.397
1.3234
0.78066
-0.037164
-0.83923
-1.342
-1.3687
-0.91065
-0.13002
0.69642
1.275
1.4008
1.0307
0.29764
-0.53845
-1.1825
-1.4066
-1.1305
-0.45244
0.38501
1.0861
1.4125
1.2643
0.70036
-0.094446
-0.87061
-1.3803
-1.4452
-1.0211
-0.23278
0.65048
1.3091
1.4996
1.152
0.39424
-0.50045
-1.2146
-1.4966
-1.247
-0.55406
0.33488
1.1018
1.4734
1.3194
0.69727
-0.17086
-0.97681
-1.4346
-1.3815
-0.83734
0.0026806
0.83855
1.3737
1.4198
0.96214
0.16387
-0.69122
-1.299
-1.4438
-1.0757
-0.32748
-1.5785
-1.0935
-0.22106
0.72682
1.4125
1.5943
1.2106
0.40006
-0.54945
-1.3011
-1.5882
-1.3094
-0.56616
0.37503
1.1797
1.5644
1.3947
0.73125
-0.19071
-1.0428
-1.5212
-1.4573
-0.8772
0.011108
0.89403
1.4606
1.5086
1.0182
0.16501
-0.74174
-1.3788
-1.5332
-1.1707
-0.42507
0.46578
1.2317
1.6324
1.518
0.89025
-0.066729
-1.0265
-1.6382
-1.6701
-1.1065
-0.15193
0.85049
1.5448
1.6861
1.2254
0.32809
-0.68348
-1.4465
-1.6899
-1.3304
-0.49953
0.50575
1.3277
1.674
1.4223
0.66497
-0.32503
-1.1939
-1.6339
-1.4914
-0.81924
0.14219
1.0499
1.5805
1.5466
0.96373
0.042162
-0.8897
-1.5719
-1.0893
-0.22082
0.72301
1.4061
1.5876
1.2063
0.39954
-0.54593
-1.2949
-1.5815
-1.3048
-0.56543
0.3717
1.1736
1.5578
1.3901
0.7303
-0.18764
-1.0369
-1.5147
-1.4526
-0.87612
0.0081969
0.88827
1.4542
1.5039
1.017
0.16779
-0.73604
-1.3724
-1.5284
-1.169
-0.42649
0.46208
1.2267
1.627
1.513
0.88665
-0.06758
-1.0238
-1.6325
-1.6633
-1.1012
-0.15001
0.84831
1.5393
1.6793
1.2198
0.32562
-0.68182
-1.4413
-1.6831
-1.3245
-0.49666
0.50451
1.3228
1.6671
1.4161
0.66164
-0.32423
-1.1892
-1.6271
-1.485
-0.8156
0.14177
1.0455
1.5738
1.5401
0.95976
0.042228
-0.88564
0.073466
-0.76221
-1.328
-1.422
-1.0098
-0.23836
0.61719
1.2527
1.4428
1.12
0.39832
-0.46623
-1.1655
-1.4497
-1.218
-0.55368
0.30629
1.0568
1.4315
1.2964
0.69863
-0.14869
-0.94238
-1.3996
-1.3593
-0.83713
-0.018005
0.80814
1.3463
1.4024
0.95847
0.17997
-0.65118
-1.2492
-1.4262
-1.1416
-0.49552
0.30974
1.0221
1.4054
1.316
0.76788
-0.055575
-0.86187
-1.3607
-1.3742
-0.89996
-0.10704
0.72492
1.302
1.4182
1.0304
0.27613
-0.57594
-1.223
-1.4362
-1.1403
-0.43941
0.4189
1.1297
1.4392
1.2371
0.59539
-0.25758
-1.0195
-1.4203
-1.3172
-0.74557
0.091896
0.89696
1.3828
1.377
0.073449
-0.75995
-1.3243
-1.4181
-1.0072
-0.23792
0.61531
1.2492
1.4389
1.1172
0.39748
-0.46475
-1.1622
-1.4459
-1.2149
-0.55245
0.30523
1.0538
1.4277
1.2932
0.69705
-0.14802
-0.93971
-1.3959
-1.3559
-0.83521
-0.018249
0.80582
1.3427
1.399
0.95627
0.17981
-0.64927
-1.2459
-1.4225
-1.1387
-0.49426
0.30884
1.0192
1.4013
1.3122
0.76567
-0.05541
-0.85938
-1.3567
-1.3703
-0.89741
-0.10677
0.72281
1.2982
1.4141
1.0275
0.27541
-0.57424
-1.2195
-1.4321
-1.1372
-0.43826
0.41762
1.1264
1.4352
1.2336
0.59383
-0.25673
-1.0165
-1.4163
-1.3136
-0.74363
0.09148
0.89434
1.3789
1.3733
0.5554
0.35033
0.017301
-0.3221
-0.54362
-0.56683
-0.38449
-0.063749
0.27914
0.52025
0.57182
0.41454
0.10594
-0.24048
-0.49816
-0.57438
-0.44278
-0.15118
0.1953
0.47068
0.57367
0.46659
0.19015
-0.15337
-0.43985
-0.56727
-0.48927
-0.23173
0.11204
0.41276
0.55848
0.505
0.29073
0.0051697
-0.26278
-0.45555
-0.5416
-0.49801
-0.31397
-0.017417
0.30738
0.54177
0.58813
0.42117
0.10124
-0.25344
-0.51467
-0.5895
-0.45091
-0.1479
0.20976
0.49083
0.5923
0.47806
0.19077
-0.16534
-0.46184
-0.59118
-0.50556
-0.23578
0.11926
0.42961
0.58274
0.52402
0.27515
-0.073952
-0.39669
-0.57517
-0.54401
-0.31509
0.027223
0.3582
0.55464
0.34756
0.013491
-0.32553
-0.54531
-0.56604
-0.38141
-0.059499
0.28297
0.52216
0.57099
0.41115
0.10117
-0.24487
-0.50044
-0.57361
-0.43915
-0.14598
0.20016
0.47334
0.57302
0.46272
0.18442
-0.15885
-0.44297
-0.5668
-0.48527
-0.22557
0.11814
0.41648
0.55836
0.50114
0.28485
-0.0003019
-0.26606
-0.45635
-0.54092
-0.49701
-0.31308
-0.016336
0.30899
0.54367
0.58958
0.42147
0.10024
-0.25528
-0.51658
-0.59073
-0.45096
-0.1467
0.21179
0.49289
0.59353
0.47792
0.18927
-0.16762
-0.46402
-0.59239
-0.50527
-0.23402
0.12185
0.432
0.58395
0.52351
0.27304
-0.076905
-0.39938
-0.57652
-0.5434
-0.31267
0.030575
0.36119
0.77436
0.0082588
-0.75583
-1.2454
-1.2881
-0.8729
-0.1519
0.61662
1.1602
1.2876
0.95571
0.28568
-0.48101
-1.0703
-1.2749
-1.0263
-0.41657
0.33603
0.96367
1.2434
1.0775
0.52934
-0.20171
-0.85487
-1.2009
-1.1199
-0.64188
0.061739
0.73691
1.1419
1.1406
0.74842
0.10932
-0.5719
-1.0956
-1.3063
-1.1183
-0.5491
0.25174
1.0194
1.4633
1.3956
0.82525
-0.0407
-0.88468
-1.4043
-1.4198
-0.93055
-0.11223
0.74311
1.3294
1.4376
1.0325
0.26352
-0.59265
-1.2319
-1.4289
-1.1159
-0.40677
0.44289
1.1284
1.4066
1.1826
0.54023
-0.2896
-1.0112
-1.3682
-1.2355
-0.66382
0.13932
0.88593
1.3116
0.77376
0.0013593
-0.76646
-1.2558
-1.2945
-0.873
-0.1457
0.62681
1.1706
1.2944
0.95647
0.2801
-0.49085
-1.0808
-1.2821
-1.0277
-0.41168
0.3454
0.97406
1.2509
1.0794
0.52495
-0.21077
-0.86526
-1.2088
-1.1225
-0.63818
0.070382
0.74725
1.15
1.1437
0.74558
0.10183
-0.58169
-1.1053
-1.3138
-1.122
-0.54736
0.25929
1.0312
1.4758
1.4045
0.82714
-0.046508
-0.89597
-1.4169
-1.4291
-0.9332
-0.10733
0.75374
1.3418
1.4473
1.036
0.2596
-0.60244
-1.2439
-1.4388
-1.1201
-0.40372
0.452
1.1402
1.4168
1.1874
0.53806
-0.29792
-1.0226
-1.3785
-1.241
-0.66244
0.14694
0.89694
1.3219
0.36952
0.59157
0.60054
0.38737
0.025228
-0.3539
-0.60804
-0.6402
-0.43551
-0.065968
0.33582
0.62281
0.68573
0.49531
0.11744
-0.30941
-0.62703
-0.71729
-0.54438
-0.16691
0.28089
0.63432
0.75859
0.60315
0.22345
-0.24155
-0.62322
-0.78242
-0.65587
-0.28267
0.19898
0.59933
0.76354
0.65189
0.35431
0.022127
-0.22941
-0.36878
-0.41803
-0.39284
-0.28187
-0.081091
0.16435
0.36372
0.43036
0.33276
0.10831
-0.15944
-0.37503
-0.46054
-0.37959
-0.15439
0.13561
0.3817
0.49
0.41866
0.19159
-0.11165
-0.38242
-0.5193
-0.46605
-0.23678
0.086257
0.38385
0.54552
0.50967
0.28499
-0.051117
-0.3771
-0.57031
-0.55457
-0.3316
0.37428
0.5875
0.58898
0.37229
0.011927
-0.36072
-0.60591
-0.62982
-0.42047
-0.051531
0.34456
0.62272
0.67671
0.48048
0.10199
-0.32002
-0.62904
-0.70992
-0.53015
-0.15077
0.29326
0.63846
0.75295
0.58967
0.20686
-0.25544
-0.62952
-0.77883
-0.64349
-0.26579
0.21428
0.60743
0.76152
0.6408
0.33859
0.0076692
-0.23766
-0.36846
-0.40985
-0.38005
-0.26904
-0.072709
0.16536
0.35698
0.41823
0.31948
0.098502
-0.16236
-0.37003
-0.4493
-0.36597
-0.14317
0.14047
0.37845
0.47973
0.40492
0.17914
-0.11846
-0.38116
-0.51034
-0.45248
-0.22334
0.094837
0.38452
0.538
0.49651
0.27074
-0.061465
-0.37986
-0.56445
-0.54209
-0.31685
-0.84057
-1.0061
-0.80763
-0.31405
0.29639
0.80099
1.0158
0.86332
0.39831
-0.21287
-0.75078
-1.0197
-0.91921
-0.48405
0.12739
0.69271
1.0081
0.96023
0.56467
-0.038904
-0.63298
-0.99979
-1.0042
-0.64561
-0.055938
0.55319
0.96521
1.0302
0.71817
0.13908
-0.48928
-0.93026
-1.0356
-0.80514
-0.35957
0.14284
0.57494
0.85189
0.91058
0.71191
0.28054
-0.26237
-0.72502
-0.92799
-0.7901
-0.36302
0.19608
0.68713
0.93535
0.84897
0.45416
-0.1086
-0.63375
-0.92893
-0.88734
-0.52441
0.030367
0.57886
0.92244
0.93348
0.60499
0.05555
-0.51498
-0.90016
-0.96106
-0.67438
-0.1409
0.44797
0.87771
0.9901
0.7432
0.22655
-0.85344
-1.015
-0.80914
-0.30758
0.30855
0.81445
1.0257
0.86589
0.39262
-0.22482
-0.76468
-1.0305
-0.92289
-0.4792
0.13905
0.70696
1.0197
0.96503
0.56078
-0.050143
-0.64753
-1.0124
-1.0101
-0.64276
-0.045301
0.56779
0.97849
1.0373
0.71636
0.12898
-0.50392
-0.94408
-1.044
-0.80589
-0.3535
0.15306
0.58628
0.86175
0.91689
0.71313
0.27612
-0.27133
-0.73563
-0.93642
-0.79317
-0.35951
0.20496
0.69819
0.94459
0.85297
0.45135
-0.1173
-0.64521
-0.93895
-0.89221
-0.52226
0.038849
0.59067
0.9333
0.93939
0.60369
0.047434
-0.527
-0.91171
-0.9679
-0.67393
-0.13322
0.46017
0.89
0.99797
0.74371
0.21943
0.74692
0.55897
0.17704
-0.26802
-0.62288
-0.7636
-0.63918
-0.291
0.16067
0.55915
0.76621
0.70923
0.40567
-0.041789
-0.4787
-0.75179
-0.76386
-0.50924
-0.075371
0.38849
0.72214
0.80795
0.61199
0.19906
-0.2872
-0.67568
-0.83055
-0.69804
-0.32137
0.17454
0.61932
0.84895
0.76688
0.394
-0.12544
-0.58013
-0.78807
-0.67867
-0.31442
0.15135
0.54542
0.73558
0.66492
0.36226
-0.067448
-0.4749
-0.71697
-0.70888
-0.45494
-0.044959
0.37899
0.67123
0.73094
0.5368
0.15586
-0.27893
-0.6161
-0.73929
-0.60682
-0.26463
0.16977
0.54652
0.73457
0.66792
0.3696
-0.056728
-0.46366
-0.71105
-0.71321
-0.46807
-0.059007
0.37261
0.74219
0.55228
0.17081
-0.27153
-0.62241
-0.75935
-0.6327
-0.28466
0.16458
0.55923
0.76243
0.70299
0.39924
-0.04608
-0.47931
-0.74851
-0.7579
-0.50278
-0.070751
0.38959
0.71932
0.80227
0.60551
0.19412
-0.2888
-0.67338
-0.82519
-0.69159
-0.31621
0.17656
0.61755
0.84409
0.76056
0.38812
-0.12929
-0.58095
-0.78553
-0.67319
-0.30733
0.15796
0.54932
0.73527
0.66038
0.35509
-0.074635
-0.47948
-0.71731
-0.70491
-0.44811
-0.037753
0.38397
0.6722
0.72757
0.53034
0.14868
-0.28423
-0.61762
-0.7365
-0.60076
-0.2575
0.17538
0.5486
0.73238
0.66229
0.36258
-0.06258
-0.46624
-0.70944
-0.70802
-0.46119
-0.052942
0.37568
-1.1492
-0.22896
0.76872
1.4893
1.678
1.2708
0.41591
-0.58092
-1.3662
-1.6632
-1.3687
-0.58969
0.39491
1.234
1.6307
1.4478
0.75384
-0.20262
-1.0818
-1.5721
-1.5013
-0.89761
0.020531
0.92527
1.4969
1.5357
1.0303
0.1624
-0.75735
-1.4016
-1.5477
-1.1557
-0.37006
0.54563
1.3009
1.6577
1.4882
0.81527
-0.16954
-1.1412
-1.7455
-1.7425
-1.1166
-0.090834
0.96213
1.6657
1.7748
1.2561
0.29485
-0.76855
-1.5566
-1.789
-1.3852
-0.49232
0.5699
1.425
1.772
1.49
0.68053
-0.36733
-1.2801
-1.734
-1.5709
-0.85211
0.16501
1.1195
1.6734
1.6316
1.0111
0.035174
-0.94772
-1.5892
-1.1427
-0.22652
0.76618
1.4826
1.6695
1.2634
0.41233
-0.57941
-1.3601
-1.6546
-1.3606
-0.58497
0.39452
1.2286
1.6221
1.439
0.74804
-0.20338
-1.0772
-1.5637
-1.492
-0.89072
0.022525
0.9216
1.4888
1.526
1.0225
0.1592
-0.7547
-1.394
-1.5378
-1.147
-0.36575
0.54417
1.2945
1.6491
1.4805
0.81111
-0.16911
-1.1367
-1.7387
-1.7358
-1.1122
-0.090298
0.95855
1.6592
1.7677
1.2508
0.2933
-0.7658
-1.5505
-1.7817
-1.3792
-0.48975
0.56804
1.4193
1.7644
1.4832
0.67693
-0.36649
-1.2751
-1.7265
-1.5635
-0.8475
0.16521
1.1151
1.6661
1.6238
1.0055
0.033866
-0.94424
-1.5821
0.40793
0.72845
0.78927
0.56428
0.13141
-0.35349
-0.71382
-0.81794
-0.62676
-0.2068
0.2933
0.69379
0.84745
0.69489
0.28895
-0.22401
-0.6589
-0.85907
-0.7508
-0.36905
0.15214
0.62451
0.87434
0.80917
0.45251
-0.067857
-0.56782
-0.8691
-0.85863
-0.53328
-0.011886
0.505
0.82316
0.84521
0.60463
0.22334
-0.16621
-0.47149
-0.63904
-0.63405
-0.44334
-0.10401
0.28092
0.57181
0.65508
0.49667
0.15471
-0.24719
-0.56572
-0.68533
-0.55814
-0.22498
0.19511
0.54831
0.70483
0.60684
0.28777
-0.14018
-0.52395
-0.72278
-0.66041
-0.35606
0.081199
0.49322
0.73083
0.70671
0.42611
-0.013296
-0.45376
-0.73394
-0.74946
-0.49255
0.40986
0.72539
0.78238
0.5561
0.12491
-0.35599
-0.71149
-0.81167
-0.61887
-0.20015
0.29631
0.69213
0.8418
0.68733
0.28224
-0.22748
-0.65793
-0.85407
-0.74363
-0.36235
0.15596
0.62411
0.86995
0.80243
0.44586
-0.072016
-0.56801
-0.86532
-0.85234
-0.52681
-0.0074989
0.50594
0.82049
0.83969
0.59758
0.21644
-0.17101
-0.47237
-0.63508
-0.62598
-0.43364
-0.096082
0.28414
0.56914
0.64753
0.48702
0.14647
-0.25108
-0.56388
-0.67846
-0.54876
-0.21649
0.19966
0.54733
0.69873
0.59788
0.2792
-0.14527
-0.52376
-0.71742
-0.65188
-0.34746
0.086776
0.4938
0.72626
0.69869
0.41757
-0.019261
-0.45503
-0.73012
-0.74199
-0.48416
-0.95011
0.073023
1.069
1.6821
1.6936
1.1011
0.11799
-0.90379
-1.6006
-1.7252
-1.2341
-0.30299
0.73487
1.5081
1.7415
1.3541
0.48628
-0.55213
-1.3915
-1.7327
-1.4542
-0.65687
0.37228
1.2651
1.705
1.5376
0.82289
-0.18508
-1.1253
-1.6605
-1.6048
-0.99263
-0.053703
0.88981
1.5433
1.7205
1.3728
0.59051
-0.40644
-1.3051
-1.7874
-1.656
-0.93337
0.12831
1.1434
1.7448
1.7199
1.082
0.059376
-0.98439
-1.6767
-1.7689
-1.228
-0.24933
0.8156
1.587
1.7913
1.3566
0.43798
-0.63614
-1.4811
-1.7947
-1.4667
-0.61616
0.45231
1.358
1.7783
1.5634
0.79067
-0.26252
-1.2189
-1.7376
-0.96615
0.066025
1.0735
1.6964
1.7125
1.1178
0.12659
-0.90631
-1.6132
-1.7434
-1.2513
-0.31303
0.73551
1.5191
1.7589
1.3716
0.49768
-0.55083
-1.4007
-1.749
-1.4718
-0.6694
0.36923
1.2725
1.7202
1.5552
0.8365
-0.18025
-1.1309
-1.6745
-1.6221
-1.0073
-0.061113
0.89193
1.5545
1.7379
1.3918
0.6053
-0.40107
-1.3117
-1.8044
-1.6776
-0.95191
0.11956
1.1476
1.7602
1.741
1.1011
0.069642
-0.98659
-1.6905
-1.7893
-1.2475
-0.26106
0.81585
1.5991
1.8108
1.3764
0.45105
-0.63447
-1.4913
-1.8131
-1.4865
-0.63036
0.44879
1.3663
1.7954
1.5831
0.80591
-0.2572
-1.2253
-1.7534
0.18874
0.14917
0.058248
-0.054179
-0.15018
-0.19646
-0.17609
-0.094909
0.020217
0.13045
0.19807
0.19905
0.13153
0.01727
-0.10503
-0.19301
-0.21569
-0.16439
-0.055594
0.074501
0.18155
0.22772
0.19529
0.094162
-0.04105
-0.16381
-0.23224
-0.22246
-0.13545
0.001823
0.14134
0.22802
0.22283
0.12545
-0.019673
-0.14336
-0.1885
-0.14021
-0.029851
0.087052
0.16124
0.16933
0.1159
0.024583
-0.072891
-0.14559
-0.17086
-0.14069
-0.064852
0.031877
0.11781
0.16488
0.15778
0.09879
0.0071244
-0.087233
-0.15327
-0.16909
-0.12908
-0.045884
0.053459
0.13612
0.1743
0.15468
0.083124
-0.017119
-0.11297
-0.17227
-0.17441
-0.11757
-0.01988
0.086184
0.17924
0.14603
0.062592
-0.043882
-0.13758
-0.18602
-0.1715
-0.097789
0.010892
0.11799
0.18687
0.19309
0.13293
0.025523
-0.092854
-0.18123
-0.20846
-0.16426
-0.06261
0.062827
0.16936
0.21933
0.19368
0.099883
-0.030046
-0.15142
-0.22284
-0.21936
-0.13976
-0.0083728
0.1289
0.21775
0.21831
0.1282
-0.010668
-0.13118
-0.17722
-0.1336
-0.03016
0.079864
0.1496
0.15728
0.10771
0.023181
-0.067016
-0.13453
-0.15851
-0.1314
-0.061895
0.027443
0.10753
0.15239
0.14749
0.094349
0.010097
-0.077893
-0.14085
-0.15797
-0.12319
-0.047316
0.045203
0.12396
0.16254
0.14748
0.083027
-0.010068
-0.10125
-0.16002
-0.16597
-0.11593
-0.025616
0.075106
0.63426
0.31066
-0.13142
-0.53205
-0.74351
-0.68579
-0.37742
0.071237
0.49859
0.7496
0.73087
0.44516
-0.0068842
-0.4615
-0.75214
-0.77178
-0.51175
-0.063783
0.41253
0.74496
0.80995
0.57999
0.13689
-0.35827
-0.72634
-0.83511
-0.64338
-0.21475
0.2996
0.70922
0.85796
0.69554
0.30351
-0.14966
-0.49937
-0.65868
-0.62868
-0.45643
-0.19306
0.11117
0.38828
0.55157
0.53046
0.31641
-0.019818
-0.35473
-0.56389
-0.56956
-0.36698
-0.025865
0.33184
0.57403
0.6082
0.41823
0.07129
-0.30747
-0.5804
-0.64611
-0.47637
-0.12877
0.27166
0.57783
0.67584
0.52746
0.18391
-0.23246
-0.57096
-0.70617
-0.58479
-0.24755
0.18427
0.55353
0.62642
0.30231
-0.13728
-0.5334
-0.73996
-0.67871
-0.3694
0.07735
0.50066
0.74699
0.7246
0.43756
-0.013095
-0.46415
-0.75038
-0.76634
-0.50463
-0.057552
0.41569
0.744
0.80532
0.57343
0.13077
-0.36181
-0.72613
-0.83131
-0.63744
-0.20885
0.30336
0.7096
0.85493
0.69009
0.29722
-0.15503
-0.50209
-0.65736
-0.62284
-0.44719
-0.18322
0.11798
0.38921
0.54597
0.52025
0.30532
-0.027778
-0.35678
-0.55941
-0.56025
-0.35624
-0.017534
0.33481
0.57066
0.5998
0.40789
0.062727
-0.31124
-0.5781
-0.63866
-0.46651
-0.12006
0.27614
0.57656
0.66939
0.51823
0.17523
-0.23751
-0.57064
-0.70069
-0.5762
-0.23896
0.1898
0.55411
1.7244
1.4743
0.69422
-0.33997
-1.2586
-1.7307
-1.5844
-0.86958
0.16005
1.1381
1.7148
1.6808
1.0437
0.028401
-1.002
-1.6775
-1.7552
-1.205
-0.21973
0.85139
1.6249
1.8203
1.3637
0.41711
-0.68127
-1.5402
-1.8528
-1.5026
-0.60779
0.51233
1.4491
1.8638
1.626
0.8577
-0.14068
-1.0315
-1.5606
-1.6067
-1.1775
-0.39559
0.51345
1.2592
1.5755
1.332
0.60415
-0.3475
-1.1784
-1.5902
-1.4357
-0.76731
0.18027
1.0694
1.579
1.5225
0.91791
-0.019225
-0.95472
-1.5544
-1.6014
-1.0746
-0.15881
0.81892
1.5071
1.6575
1.2145
0.33388
-0.67212
-1.4441
-1.7031
-1.3524
-0.51462
0.51156
1.7228
1.4755
0.69799
-0.33483
-1.2539
-1.728
-1.5847
-0.87302
0.15462
1.1325
1.711
1.6802
1.0466
0.033957
-0.99561
-1.6726
-1.7535
-1.2071
-0.22521
0.8444
1.6188
1.8172
1.3649
0.4223
-0.67386
-1.5331
-1.8485
-1.5027
-0.61251
0.50451
1.441
1.8584
1.6253
0.86162
-0.13455
-1.0263
-1.5583
-1.6075
-1.1801
-0.39819
0.5121
1.2595
1.5772
1.3346
0.60688
-0.34546
-1.1777
-1.591
-1.4379
-0.77015
0.17765
1.0679
1.579
1.5242
0.92089
-0.015951
-0.95221
-1.5535
-1.6025
-1.0774
-0.16242
0.81561
1.5052
1.6578
1.217
0.33777
-0.66806
-1.4412
-1.7024
-1.3543
-0.51854
0.5069
-0.0095988
-0.11396
-0.18053
-0.18448
-0.12256
-0.015188
0.10007
0.18189
0.20031
0.14757
0.041011
-0.082598
-0.17941
-0.21389
-0.1722
-0.067955
0.062295
0.17236
0.22282
0.19468
0.09633
-0.038449
-0.1616
-0.22825
-0.21379
-0.12289
0.012911
0.14655
0.23064
0.23304
0.15012
0.012485
-0.12421
-0.20388
-0.19831
-0.12051
-0.013615
0.075835
0.12043
0.1169
0.076945
0.016696
-0.047014
-0.09644
-0.11535
-0.095459
-0.041732
0.028271
0.090844
0.12444
0.11655
0.068009
-0.0063396
-0.081556
-0.13105
-0.13641
-0.094325
-0.017955
0.0673
0.13194
0.15227
0.11925
0.042665
-0.051561
-0.13044
-0.16561
-0.14334
-0.069625
0.03111
0.12377
0.17482
0.16469
-0.0052581
-0.109
-0.17674
-0.18326
-0.12438
-0.019396
0.094987
0.17777
0.19865
0.14899
0.045022
-0.077429
-0.17496
-0.21179
-0.17321
-0.071725
0.057123
0.16765
0.22027
0.19525
0.099843
-0.033255
-0.15661
-0.22527
-0.21389
-0.12603
0.0078396
0.14137
0.22725
0.23271
0.15297
0.01743
-0.11898
-0.20008
-0.19692
-0.12162
-0.016701
0.07164
0.11619
0.11377
0.07591
0.018184
-0.043472
-0.092112
-0.11183
-0.094042
-0.042946
0.024837
0.086395
0.12056
0.11467
0.068826
-0.0031021
-0.077068
-0.12694
-0.13416
-0.094786
-0.020988
0.062762
0.12753
0.1496
0.1193
0.045437
-0.047064
-0.12583
-0.16256
-0.14298
-0.072117
0.026648
0.11895
0.17139
0.16391
-0.77712
-1.011
-0.88579
-0.44371
0.15939
0.70916
1.0093
0.95137
0.55387
-0.043871
-0.62982
-0.99426
-1.0053
-0.657
-0.072297
0.54116
0.96472
1.0461
0.75378
0.18966
-0.44558
-0.92411
-1.0738
-0.84024
-0.30582
0.34065
0.86949
1.0899
0.91898
0.41658
-0.23299
-0.79083
-1.0585
-0.95413
-0.53461
0.040448
0.57585
0.90553
0.93539
0.663
0.17721
-0.36386
-0.77859
-0.92258
-0.74243
-0.29859
0.25395
0.72028
0.93474
0.81986
0.41432
-0.13995
-0.64747
-0.92829
-0.88172
-0.52222
0.024978
0.56717
0.91181
0.93508
0.62665
0.094101
-0.47489
-0.87869
-0.97289
-0.72179
-0.21209
0.37662
0.83515
0.99935
0.80905
0.32984
-0.8018
-1.013
-0.86441
-0.40674
0.19863
0.73659
1.0151
0.93372
0.51912
-0.083198
-0.65959
-1.0038
-0.99122
-0.62451
-0.033097
0.57303
0.97793
1.036
0.72408
0.15108
-0.4791
-0.94054
-1.0673
-0.81335
-0.26817
0.37562
0.88925
1.0873
0.89511
0.38018
-0.26882
-0.81375
-1.0613
-0.93637
-0.50175
0.079194
0.60961
0.92399
0.93174
0.63701
0.13664
-0.4052
-0.80593
-0.92606
-0.72091
-0.26001
0.29565
0.75014
0.94207
0.80202
0.37776
-0.18202
-0.67989
-0.93949
-0.8678
-0.48827
0.066734
0.60172
0.92676
0.9251
0.59545
0.052983
-0.51113
-0.89709
-0.96693
-0.69367
-0.17196
0.41431
0.85687
0.99739
0.78425
0.29121
-0.30015
-0.48373
-0.49381
-0.32836
-0.047793
0.2473
0.45221
0.49515
0.36213
0.10159
-0.19309
-0.41702
-0.49136
-0.39109
-0.15316
0.13729
0.37723
0.48193
0.41489
0.20091
-0.082996
-0.33567
-0.46817
-0.43469
-0.24772
0.026373
0.28995
0.44858
0.44624
0.28649
0.028899
-0.23732
-0.42734
-0.48533
-0.39364
-0.17286
0.11972
0.39643
0.55986
0.53922
0.32699
-0.0081352
-0.3445
-0.55693
-0.56742
-0.37395
-0.048507
0.29112
0.52368
0.56704
0.40712
0.1029
-0.23526
-0.48595
-0.56049
-0.43405
-0.1537
0.17913
0.44511
0.54984
0.45749
0.20298
-0.12133
-0.39928
-0.5324
-0.47463
-0.24826
0.064511
0.35147
0.51078
0.48708
0.29057
-0.30213
-0.48381
-0.49195
-0.3252
-0.044445
0.24964
0.4527
0.4936
0.35908
0.098103
-0.19577
-0.41793
-0.49016
-0.38818
-0.14957
0.14029
0.37857
0.48111
0.41218
0.19725
-0.086301
-0.33744
-0.46776
-0.43222
-0.24406
0.02994
0.29214
0.4486
0.44404
0.28285
0.025108
-0.2399
-0.42784
-0.48366
-0.39048
-0.16935
0.12245
0.39759
0.55919
0.53702
0.32403
-0.010871
-0.34606
-0.55676
-0.56556
-0.37107
-0.045619
0.29298
0.52384
0.56543
0.4043
0.099871
-0.23742
-0.48646
-0.55915
-0.43134
-0.15056
0.18157
0.44598
0.54883
0.45493
0.19978
-0.12403
-0.40052
-0.53172
-0.47226
-0.24503
0.067464
0.35309
0.51047
0.48494
0.28736
1.2751
0.61445
-0.26617
-1.0518
-1.4609
-1.3478
-0.75474
0.10501
0.92538
1.4151
1.3994
0.88307
0.050488
-0.79933
-1.3621
-1.4384
-1.0031
-0.21174
0.65506
1.2882
1.4601
1.1084
0.36087
-0.51299
-1.202
-1.4633
-1.204
-0.51302
0.36436
1.1106
1.4559
1.2862
0.68127
-0.13511
-0.89583
-1.3787
-1.45
-1.0802
-0.35739
0.50829
1.2266
1.5291
1.2886
0.58467
-0.32619
-1.1146
-1.502
-1.3548
-0.72597
0.16233
0.9931
1.4673
1.4148
0.85672
-0.0048869
-0.86264
-1.4125
-1.4591
-0.98498
-0.15918
0.72177
1.3419
1.4809
1.0916
0.31401
-0.57527
-1.2596
-1.4942
-1.1947
-0.46933
0.42105
1.1582
1.2427
0.5949
-0.2658
-1.0316
-1.428
-1.314
-0.7322
0.1082
0.90803
1.3834
1.3647
0.85782
0.043789
-0.78502
-1.3319
-1.4031
-0.97548
-0.20161
0.644
1.2599
1.4246
1.0786
0.34741
-0.50526
-1.1759
-1.4282
-1.1724
-0.49646
0.35995
1.0868
1.4214
1.2532
0.66104
-0.13636
-0.87855
-1.349
-1.4171
-1.0538
-0.3453
0.50214
1.2039
1.4971
1.2584
0.56703
-0.32484
-1.0947
-1.4706
-1.3231
-0.70526
0.16464
0.97608
1.437
1.3819
0.8331
-0.010751
-0.8486
-1.3835
-1.4254
-0.95863
-0.14964
0.71101
1.3147
1.4469
1.063
0.30104
-0.56787
-1.2344
-1.4601
-1.164
-0.45294
0.41715
1.1354
-1.2826
-1.0472
-0.43778
0.33291
0.99241
1.3047
1.1554
0.59398
-0.1834
-0.90283
-1.3086
-1.2532
-0.75091
0.024096
0.79783
1.2941
1.334
0.89923
0.13957
-0.67881
-1.2649
-1.406
-1.0463
-0.30973
0.54328
1.2102
1.4529
1.1797
0.47967
-0.40228
-1.1467
-1.4792
-1.2829
-0.64733
0.17617
0.8885
1.2619
1.2064
0.7718
0.11135
-0.56449
-1.0396
-1.1534
-0.8605
-0.25837
0.4404
0.9858
1.1831
0.96216
0.39994
-0.30648
-0.90766
-1.189
-1.0482
-0.5336
0.17333
0.82265
1.1844
1.1289
0.67284
-0.025071
-0.71834
-1.1604
-1.1928
-0.80209
-0.1243
0.6027
1.1218
1.2469
0.92997
0.28024
-0.47367
-1.2994
-1.0556
-0.43484
0.34605
1.0109
1.3218
1.1649
0.59252
-0.19519
-0.9206
-1.3258
-1.2636
-0.75067
0.034783
0.81501
1.3116
1.3453
0.90036
0.13012
-0.69534
-1.2824
-1.4181
-1.0485
-0.30137
0.55917
1.2279
1.4658
1.1831
0.47224
-0.41767
-1.1644
-1.4931
-1.289
-0.64425
0.18753
0.9058
1.2815
1.2235
0.78079
0.10832
-0.5796
-1.0621
-1.1754
-0.87392
-0.25853
0.4533
1.0069
1.2046
0.97632
0.40172
-0.3176
-0.92748
-1.2102
-1.0632
-0.53694
0.18262
0.84107
1.2052
1.1445
0.67765
-0.032647
-0.73539
-1.1806
-1.2088
-0.8082
-0.11835
0.61845
1.1415
1.2634
0.93733
0.27589
-0.48802
-0.20418
0.84657
1.595
1.7732
1.3173
0.39207
-0.66993
-1.4895
-1.7761
-1.4291
-0.57204
0.4894
1.3753
1.7684
1.5298
0.74771
-0.29706
-1.2331
-1.7284
-1.6063
-0.90949
0.11189
1.0907
1.6775
1.667
1.0661
0.08787
-0.92165
-1.6014
-1.706
-1.2023
-0.28354
0.71589
1.461
1.7335
1.4761
0.7747
-0.17524
-1.0993
-1.6966
-1.7361
-1.1678
-0.17376
0.88809
1.6284
1.7807
1.2956
0.34922
-0.72279
-1.5396
-1.8073
-1.4272
-0.53532
0.5465
1.4304
1.8023
1.5311
0.7129
-0.36115
-1.3065
-1.7834
-1.6208
-0.87902
0.17515
1.1655
1.7397
1.6927
1.0405
0.016336
-1.012
-1.6759
-1.7395
-0.20473
0.84516
1.5933
1.7717
1.3166
0.39241
-0.66868
-1.4878
-1.7745
-1.4282
-0.57216
0.4883
1.3736
1.7668
1.5287
0.74762
-0.29614
-1.2315
-1.7267
-1.605
-0.90918
0.11116
1.0892
1.6758
1.6656
1.0655
0.088396
-0.92027
-1.5997
-1.7045
-1.2016
-0.28386
0.71466
1.4592
1.7318
1.4751
0.77471
-0.17423
-1.0976
-1.6948
-1.7349
-1.1675
-0.17455
0.88651
1.6266
1.7793
1.2951
0.3498
-0.72134
-1.5378
-1.8058
-1.4264
-0.53569
0.5452
1.4286
1.8007
1.5302
0.71305
-0.36002
-1.3048
-1.7817
-1.6198
-0.87895
0.1742
1.1639
1.7379
1.6915
1.0402
0.017091
-1.0104
-1.6741
-1.7381
-0.10849
-0.38306
-0.51775
-0.46181
-0.23536
0.077428
0.36074
0.51099
0.47397
0.26307
-0.045473
-0.33872
-0.50788
-0.48997
-0.29235
0.011062
0.30909
0.49389
0.49813
0.31885
0.020708
-0.28584
-0.48669
-0.50893
-0.34692
-0.060474
0.24827
0.46793
0.51512
0.36957
0.089777
-0.21017
-0.41861
-0.482
-0.41636
-0.27058
-0.082449
0.12875
0.33394
0.4729
0.47535
0.31194
0.028454
-0.26882
-0.46483
-0.48714
-0.33026
-0.052013
0.24778
0.45974
0.50373
0.36135
0.085267
-0.22149
-0.44604
-0.50697
-0.38195
-0.11545
0.1956
0.43588
0.5154
0.40459
0.14508
-0.1674
-0.41883
-0.51729
-0.42564
-0.17631
0.13893
0.40293
0.518
0.4425
-0.10825
-0.38292
-0.51775
-0.46196
-0.2356
0.077176
0.36056
0.51095
0.47407
0.26328
-0.045224
-0.33851
-0.50779
-0.49002
-0.29252
0.010824
0.30887
0.49375
0.49812
0.31897
0.020925
-0.2856
-0.48651
-0.50887
-0.347
-0.060666
0.24803
0.46772
0.51501
0.3696
0.089935
-0.20993
-0.41838
-0.48189
-0.41644
-0.27083
-0.082765
0.12852
0.33392
0.47311
0.47572
0.31233
0.028709
-0.26878
-0.46501
-0.48747
-0.33063
-0.052292
0.24768
0.45986
0.50402
0.3617
0.085562
-0.22135
-0.4461
-0.50719
-0.38227
-0.11575
0.19542
0.43588
0.51557
0.40487
0.14538
-0.16719
-0.41878
-0.51741
-0.42589
-0.17659
0.1387
0.40283
0.51806
0.4427
-0.5952
-0.40934
-0.076596
0.28667
0.55164
0.62314
0.47429
0.15632
-0.21957
-0.52115
-0.641
-0.53443
-0.23665
0.14818
0.48359
0.64994
0.58716
0.31571
-0.070574
-0.43618
-0.65057
-0.63506
-0.39287
-0.0090941
0.38041
0.63812
0.67233
0.46787
0.092897
-0.32063
-0.62129
-0.69643
-0.52037
-0.16616
0.22829
0.52098
0.62035
0.5094
0.23874
-0.097283
-0.38914
-0.542
-0.50475
-0.28964
0.028752
0.3386
0.53077
0.53742
0.35531
0.047061
-0.2797
-0.50951
-0.5602
-0.41291
-0.11888
0.21893
0.48203
0.57737
0.46986
0.19557
-0.14977
-0.44426
-0.58338
-0.51721
-0.26792
0.078068
0.39964
0.58286
0.56137
0.34093
-0.0017683
-0.34618
-0.59474
-0.40845
-0.075588
0.28743
0.55188
0.62278
0.47345
0.15532
-0.22039
-0.52149
-0.64073
-0.53365
-0.23565
0.14905
0.48402
0.64977
0.58646
0.31472
-0.071486
-0.43669
-0.65049
-0.63443
-0.39191
-0.0081488
0.381
0.63815
0.67179
0.46695
0.09193
-0.32129
-0.62141
-0.69598
-0.51952
-0.16518
0.22909
0.52138
0.62024
0.5088
0.2378
-0.098274
-0.38985
-0.54218
-0.50433
-0.28876
0.029767
0.33938
0.53104
0.53708
0.35448
0.046038
-0.28055
-0.50987
-0.55996
-0.41214
-0.11786
0.21983
0.48248
0.57722
0.46916
0.19457
-0.15071
-0.4448
-0.58333
-0.51659
-0.26695
0.079039
0.40026
0.58291
0.56083
0.33999
-0.0027623
-0.34687
0.76065
0.0051809
-0.74933
-1.2321
-1.2713
-0.85626
-0.13968
0.62068
1.1546
1.2738
0.93707
0.26656
-0.49556
-1.0752
-1.2671
-1.0075
-0.39294
0.35644
0.97429
1.2405
1.0609
0.50305
-0.22915
-0.87289
-1.2024
-1.1051
-0.61674
0.089509
0.7597
1.1511
1.1287
0.71655
0.07426
-0.58352
-1.0668
-1.2478
-1.0672
-0.54535
0.19253
0.91622
1.3572
1.3272
0.81726
0.011085
-0.79383
-1.3075
-1.3514
-0.9133
-0.14879
0.67018
1.2487
1.3772
1.0107
0.28444
-0.53938
-1.1672
-1.3765
-1.0928
-0.41769
0.40545
1.0795
1.3629
1.1573
0.53956
-0.26813
-0.97744
-1.335
-1.2129
-0.65688
0.13086
0.86614
1.287
0.75959
0.003864
-0.75045
-1.2327
-1.271
-0.85532
-0.13839
0.62187
1.1553
1.2736
0.93625
0.26532
-0.49677
-1.0759
-1.2671
-1.0067
-0.39177
0.35764
0.97509
1.2407
1.0604
0.50199
-0.23031
-0.87372
-1.2026
-1.1046
-0.61577
0.09058
0.7605
1.1514
1.1284
0.7157
0.073189
-0.5844
-1.0671
-1.2474
-1.0662
-0.54414
0.1935
0.91661
1.3569
1.3263
0.81595
0.009848
-0.79459
-1.3075
-1.3507
-0.91211
-0.14754
0.67109
1.249
1.3767
1.0096
0.28314
-0.54047
-1.1677
-1.3762
-1.0919
-0.41644
0.40664
1.0802
1.3629
1.1565
0.53834
-0.26941
-0.97832
-1.3351
-1.2124
-0.65575
0.13216
0.86716
1.2874
-0.16792
0.35551
0.75402
0.88659
0.70577
0.27502
-0.2533
-0.69207
-0.88609
-0.76695
-0.37679
0.14678
0.61888
0.87234
0.81715
0.47288
-0.038272
-0.53539
-0.84307
-0.85299
-0.56159
-0.071624
0.44354
0.80127
0.87506
0.6396
0.17894
-0.3443
-0.74603
-0.88469
-0.71108
-0.28703
0.23581
0.67169
0.86939
0.76549
0.40206
-0.093329
-0.55279
-0.8217
-0.80743
-0.51147
-0.033463
0.45962
0.79238
0.84563
0.60025
0.14311
-0.36495
-0.74558
-0.86448
-0.67846
-0.25186
0.26508
0.68946
0.87108
0.74567
0.35705
-0.15842
-0.61927
-0.86237
-0.8009
-0.45588
0.050955
0.54053
0.83997
0.84335
0.54885
0.059738
-0.45142
-0.80356
-0.8717
-0.15751
0.34852
0.73215
0.85761
0.67991
0.26137
-0.25
-0.67303
-0.85807
-0.73984
-0.36012
0.14718
0.60292
0.8457
0.78922
0.45348
-0.04237
-0.52279
-0.81825
-0.82471
-0.53981
-0.063963
0.43444
0.77865
0.84688
0.61577
0.1678
-0.33886
-0.72598
-0.85711
-0.68562
-0.27255
0.23424
0.65444
0.84213
0.7374
0.38293
-0.09653
-0.53849
-0.7946
-0.77698
-0.48851
-0.026211
0.4486
0.76703
0.81498
0.57517
0.13245
-0.35744
-0.72259
-0.83417
-0.6516
-0.23794
0.26118
0.66918
0.84164
0.7175
0.34011
-0.15817
-0.60197
-0.83419
-0.77184
-0.4362
0.054355
0.5265
0.81351
0.81385
0.52673
0.052776
-0.44083
-0.77922
-0.84224
-0.3402
-0.15123
0.091887
0.30395
0.41002
0.37214
0.20308
-0.038038
-0.26658
-0.4021
-0.39646
-0.25091
-0.016151
0.22511
0.38746
0.41332
0.29343
0.069894
-0.17874
-0.36485
-0.42235
-0.33033
-0.12112
0.13098
0.33658
0.42333
0.36109
0.17167
-0.07881
-0.30189
-0.41692
-0.38057
-0.20501
0.044542
0.27427
0.39882
0.37451
0.21432
-0.019943
-0.24282
-0.37634
-0.37615
-0.24482
-0.029405
0.19531
0.35228
0.38795
0.2901
0.092103
-0.13811
-0.32105
-0.39313
-0.32908
-0.15084
0.08004
0.28379
0.38983
0.36096
0.20647
-0.020607
-0.24148
-0.37903
-0.38495
-0.25664
-0.038255
0.19457
0.36064
0.40144
0.30182
0.095911
-0.14456
-0.33536
-0.35383
-0.16888
0.07651
0.29639
0.41305
0.38473
0.22077
-0.021566
-0.25723
-0.40327
-0.40781
-0.26843
-0.0336
0.214
0.3867
0.42322
0.31047
0.088009
-0.16603
-0.36214
-0.43068
-0.34676
-0.13978
0.11677
0.33189
0.42984
0.37653
0.19056
-0.063246
-0.29529
-0.42163
-0.39476
-0.22343
0.028327
0.26537
0.39945
0.38373
0.22884
-0.004647
-0.2314
-0.37242
-0.38107
-0.257
-0.044633
0.18249
0.34651
0.39138
0.3016
0.10767
-0.12398
-0.3134
-0.3948
-0.33955
-0.16645
0.064844
0.27446
0.38975
0.37027
0.22194
-0.0044511
-0.23043
-0.3771
-0.3929
-0.27172
-0.055103
0.18196
0.35683
0.40787
0.31629
0.11329
-0.1305
-0.32968
-0.19935
-0.65422
-0.87528
-0.78119
-0.4042
0.11986
0.60099
0.86521
0.81753
0.47485
-0.040734
-0.54436
-0.85361
-0.85509
-0.54748
-0.042369
0.47766
0.82583
0.87704
0.61145
0.12281
-0.41282
-0.80045
-0.89912
-0.67416
-0.20749
0.33419
0.75757
0.90881
0.73063
0.28953
-0.247
-0.68262
-0.87779
-0.79803
-0.50074
-0.086177
0.34054
0.67705
0.82495
0.71628
0.35981
-0.13458
-0.58771
-0.82772
-0.76508
-0.42535
0.067084
0.5367
0.81619
0.80321
0.49926
0.012996
-0.47864
-0.79724
-0.82855
-0.5618
-0.091855
0.41358
0.77206
0.85229
0.6238
0.16918
-0.34706
-0.73918
-0.86635
-0.6819
-0.25041
0.27348
0.69993
0.87369
0.73168
-0.19979
-0.65464
-0.87553
-0.78119
-0.40394
0.12027
0.60141
0.86549
0.81758
0.47464
-0.041108
-0.54477
-0.8539
-0.85517
-0.54732
-0.042032
0.47805
0.82613
0.87715
0.61134
0.12252
-0.41319
-0.80076
-0.89926
-0.67409
-0.20724
0.33454
0.75788
0.90897
0.73059
0.28932
-0.24732
-0.68294
-0.87802
-0.79809
-0.50059
-0.085821
0.34102
0.67749
0.82519
0.71621
0.35945
-0.13511
-0.58821
-0.82802
-0.76507
-0.42503
0.067585
0.53721
0.81653
0.80326
0.499
0.012526
-0.47915
-0.7976
-0.82865
-0.56159
-0.091422
0.41409
0.77246
0.85243
0.62365
0.16879
-0.34755
-0.73958
-0.86654
-0.6818
-0.25006
0.27395
0.70035
0.87391
0.73163
0.099438
0.69783
1.0479
1.0255
0.63916
0.026956
-0.59333
-1.0021
-1.0551
-0.73417
-0.15306
0.48185
0.94505
1.0725
0.82
0.2782
-0.36082
-0.8713
-1.0728
-0.8937
-0.39774
0.23853
0.7891
1.0598
0.95623
0.51548
-0.10748
-0.6926
-1.0315
-1.0034
-0.62151
-0.025939
0.57294
0.97451
1.0537
0.7913
0.27094
-0.34549
-0.85909
-1.0918
-0.95094
-0.47424
0.17415
0.76188
1.0769
1.0068
0.57785
-0.056969
-0.67218
-1.0488
-1.052
-0.68011
-0.06617
0.57047
1.0032
1.0787
0.77035
0.18782
-0.46166
-0.94652
-1.0939
-0.85199
-0.30759
0.34525
0.87472
1.093
0.92261
0.42427
-0.22432
-0.79208
-1.0774
-0.97982
0.11235
0.71291
1.0599
1.0302
0.63498
0.015465
-0.60805
-1.0149
-1.0616
-0.73203
-0.14318
0.49595
0.95841
1.0804
0.81985
0.27005
-0.37408
-0.885
-1.0821
-0.89552
-0.39142
0.25071
0.80287
1.0703
0.95993
0.51108
-0.1184
-0.70619
-1.043
-1.0089
-0.61899
-0.016243
0.58661
0.98751
1.0613
0.79035
0.26111
-0.36118
-0.87513
-1.1022
-0.95166
-0.46488
0.19023
0.77889
1.0888
1.0095
0.57045
-0.071768
-0.68911
-1.0619
-1.0566
-0.67475
-0.052791
0.58708
1.0172
1.0851
0.76708
0.17605
-0.47771
-0.96117
-1.1021
-0.8508
-0.29759
0.36047
0.88977
1.1026
0.92345
0.41612
-0.23851
-0.80729
-1.0883
-0.98263
-0.27062
-0.22045
-0.08797
0.080041
0.22235
0.28569
0.24506
0.11354
-0.062317
-0.21921
-0.2995
-0.27192
-0.14381
0.040023
0.21295
0.31117
0.29746
0.17473
-0.014858
-0.204
-0.32342
-0.32718
-0.21123
-0.016112
0.1881
0.32776
0.35134
0.24683
0.04787
-0.17411
-0.33447
-0.37195
-0.27937
-0.10634
0.071466
0.19516
0.24605
0.23619
0.18295
0.09558
-0.016187
-0.12758
-0.19977
-0.19991
-0.123
0.0024187
0.12784
0.20604
0.20841
0.13363
0.0080925
-0.12231
-0.20836
-0.21673
-0.14349
-0.015442
0.12036
0.21388
0.22981
0.16061
0.030291
-0.11348
-0.21713
-0.24156
-0.17674
-0.045224
0.10581
0.22104
0.25692
0.19832
0.065149
-0.094521
-0.28217
-0.22556
-0.084805
0.090413
0.23632
0.29836
0.25197
0.11224
-0.071421
-0.23297
-0.31309
-0.28052
-0.14436
0.047773
0.22632
0.32548
0.30767
0.17721
-0.02106
-0.21675
-0.33823
-0.33881
-0.21552
-0.011492
0.20006
0.3429
0.36432
0.25302
0.044992
-0.18507
-0.34958
-0.38575
-0.28689
-0.10493
0.0812
0.20963
0.26003
0.24473
0.18312
0.087521
-0.029453
-0.14128
-0.20913
-0.20173
-0.11676
0.014523
0.14158
0.21662
0.21213
0.12919
-0.002935
-0.13605
-0.22001
-0.22225
-0.14096
-0.0057472
0.13384
0.22644
0.23705
0.15999
0.022045
-0.12648
-0.23034
-0.25038
-0.17807
-0.038575
0.11813
0.23473
0.26719
0.20156
0.060211
-0.10594
-1.075
-0.69152
-0.063228
0.58463
1.0204
1.0895
0.76989
0.17846
-0.47237
-0.95082
-1.0875
-0.83515
-0.28563
0.36281
0.87758
1.0759
0.88961
0.38768
-0.24949
-0.79413
-1.0519
-0.93201
-0.47986
0.14014
0.70544
1.0151
0.96008
0.56149
-0.03618
-0.61741
-0.97734
-0.99854
-0.68689
-0.15358
0.43592
0.91162
1.1319
1.0107
0.55254
-0.12079
-0.78567
-1.1936
-1.1795
-0.7396
-0.035639
0.67433
1.1368
1.1917
0.82355
0.16449
-0.55027
-1.0647
-1.1953
-0.89804
-0.28306
0.42807
0.98247
1.1845
0.96379
0.40074
-0.30178
-0.89165
-1.1591
-1.0118
-0.50519
0.17833
0.79495
1.1253
1.0526
0.60507
-0.054938
-0.69042
-1.0673
-0.68279
-0.056573
0.58684
1.0173
1.0822
0.76086
0.17092
-0.47573
-0.94878
-1.0807
-0.82597
-0.27727
0.36738
0.87668
1.0698
0.88044
0.37869
-0.25511
-0.79435
-1.0466
-0.92297
-0.47029
0.14683
0.70682
1.0107
0.95138
0.55159
-0.043786
-0.61998
-0.97386
-0.99022
-0.67679
-0.14547
0.43913
0.90906
1.1249
1.0022
0.54554
-0.124
-0.78419
-1.1881
-1.1718
-0.73235
-0.031394
0.67405
1.1321
1.1842
0.81586
0.15925
-0.55125
-1.0611
-1.1883
-0.89002
-0.27687
0.43027
0.9799
1.178
0.95565
0.39374
-0.30519
-0.89023
-1.1533
-1.0036
-0.49747
0.18288
0.79473
1.1203
1.0446
0.59678
-0.060579
-0.69139
-1.4733
-1.6964
-1.315
-0.46245
0.55828
1.3823
1.7143
1.4348
0.64267
-0.38117
-1.2727
-1.713
-1.5427
-0.82023
0.19697
1.1454
1.6863
1.6264
0.98543
-0.010535
-1.007
-1.6467
-1.6989
-1.1443
-0.18144
0.84699
1.5754
1.7428
1.2853
0.36474
-0.68524
-1.4847
-1.7576
-1.4341
-0.6574
0.29608
1.1256
1.5902
1.5567
1.0273
0.15492
-0.7802
-1.4519
-1.6114
-1.193
-0.34524
0.62712
1.3774
1.64
1.3207
0.52994
-0.45281
-1.2765
-1.6454
-1.4271
-0.69931
0.2796
1.1623
1.6342
1.525
0.87093
-0.095977
-1.0306
-1.5992
-1.5989
-1.0287
-0.08953
0.88523
1.5475
1.659
1.1782
0.27571
-1.4613
-1.6846
-1.3075
-0.46193
0.55165
1.3709
1.7022
1.4263
0.64069
-0.37589
-1.262
-1.7008
-1.5333
-0.81688
0.19307
1.1356
1.6742
1.6163
0.98077
-0.0080573
-0.99831
-1.6349
-1.6881
-1.1385
-0.18249
0.83944
1.5641
1.7317
1.2784
0.36442
-0.67888
-1.474
-1.7461
-1.4258
-0.65509
0.29147
1.1153
1.5776
1.5459
1.0222
0.1574
-0.77086
-1.439
-1.5995
-1.1864
-0.34614
0.619
1.365
1.6276
1.3128
0.52926
-0.44601
-1.2647
-1.6328
-1.4181
-0.69711
0.2742
1.1512
1.6214
1.515
0.86725
-0.092039
-1.0204
-1.5865
-1.5881
-1.0236
-0.091985
0.87615
1.535
1.6476
1.1718
0.27666
