1.5016
-0.24966
-1.3871
0.96038
0.90768
-1.429
-0.1813
1.5356
-0.5931
-1.2317
1.2339
0.71513
-1.2987
-0.50384
1.4208
-0.16751
-1.356
0.85868
0.92128
-1.3462
-0.24434
1.48
-0.51671
-1.2318
1.3162
-0.77619
-0.91929
1.2468
0.28448
-1.3895
0.42785
1.1779
-1.0191
-0.64764
1.3586
0.1742
-1.3283
0.018372
1.3397
-0.69933
-0.98483
1.2001
0.36037
-1.3915
0.34985
1.2082
-0.97358
-0.71321
0.94244
-0.679
-0.56242
0.98992
-0.0022414
-0.99678
0.56045
0.68548
-0.95112
-0.15403
1.0559
-0.22835
-0.92015
-0.11998
1.1049
-0.39672
-0.85797
0.86746
0.35661
-1.0597
0.23587
0.90845
-0.75146
-0.48527
0.52144
-1.0539
0.06744
1.0139
-0.64727
-0.66003
1.0214
0.089392
-1.0814
0.52455
0.81894
-0.65202
-0.87829
0.5036
0.84349
-0.9358
-0.30436
1.0947
-0.31847
-0.91154
0.82378
0.43344
-1.0718
0.16715
-0.61935
-0.51095
0.93157
0.04285
-1.0206
0.4946
0.81202
-0.96265
-0.34988
1.1942
-0.27214
-0.99406
0.42063
0.54375
-0.36294
-0.36172
0.60722
0.083454
-0.7027
0.28977
0.61389
-0.64137
-0.31953
0.86552
-1.2908
0.42233
1.1416
-1.0259
-0.68421
1.4188
-0.010133
-1.4873
0.76172
1.1591
-1.3714
-0.47007
1.1108
0.059166
-0.9422
0.40595
0.81319
-0.82002
-0.45065
1.0959
-0.063119
-1.1261
0.63003
0.87557
1.0625
-0.31803
-0.88647
0.72493
0.52175
-0.95013
-0.067258
0.95662
-0.37356
-0.75738
0.72438
0.4562
-1.0156
-0.14398
1.1762
-0.44393
-0.94269
0.89072
0.48939
-1.1132
0.055129
1.06
-0.56569
-0.76747
0.83335
-0.82293
-0.42416
0.99834
-0.055991
-0.9455
0.49162
0.6943
-0.79449
-0.30993
0.9414
-0.089912
-1.0661
0.53714
0.87297
-0.97472
-0.38665
1.1439
-0.17992
-1.0377
0.67509
0.68663
-0.99201
-0.19804
1.5827
0.57789
-1.8499
0.38453
1.6107
-1.2055
-0.94953
1.6726
0.071517
-1.656
0.79921
1.3605
-1.0479
-1.5613
1.6313
0.79735
-2.0196
0.23688
1.8575
-1.1927
-1.2242
1.7921
0.27528
-1.9072
1.9389
-0.54594
-1.6191
1.3654
0.88015
-1.7853
0.062549
1.7171
-0.93435
-1.1773
1.5233
0.72398
-1.7561
-0.64439
2.1173
-0.41969
-1.877
1.3646
1.138
-1.9343
-0.13499
1.9613
-0.88071
-1.4783
-0.88479
0.22429
0.77
-0.57431
-0.49203
0.7928
0.11892
-0.83069
0.26919
0.69116
-0.57842
-0.41706
0.87524
-0.019212
-0.93699
0.43989
0.71593
-0.75989
-0.36115
0.90872
-0.06027
-0.86881
0.45398
0.64634
-0.46586
0.43083
0.26717
-0.54206
-0.019009
0.54165
-0.22347
-0.42698
0.41368
0.23331
-0.50824
0.046652
0.56367
-0.43244
-0.38782
0.58749
0.11603
-0.62409
0.15578
0.53792
-0.38936
-0.35808
0.53712
0.11297
-1.5672
-0.55003
1.8314
-0.35397
-1.651
1.1642
1.0686
-1.6912
-0.2367
1.7945
-0.65824
-1.5355
1.1594
1.2775
-1.6475
-0.49403
1.8872
-0.43439
-1.6565
1.2533
1.0338
-1.7526
-0.16208
1.8261
-1.8163
0.65893
1.485
-1.3854
-0.79968
1.7713
-0.075774
-1.7332
0.92124
1.2668
-1.5486
-0.66709
1.7829
0.16204
-1.8618
0.75085
1.4827
-1.4728
-0.74173
1.8335
-0.16187
-1.7399
1.0191
1.2318
0.45298
-0.067455
-0.43587
0.2764
0.32394
-0.43953
-0.12528
0.52089
-0.11705
-0.48252
0.36414
0.31298
-0.44998
-0.053459
0.40848
-0.15486
-0.34495
0.31134
0.2014
-0.41083
-0.016788
0.42575
-0.18085
-0.35393
0.51802
-0.38599
-0.3507
0.56426
0.098247
-0.62811
0.19921
0.55965
-0.47139
-0.35089
0.66747
0.029504
-0.57599
0.229
0.41622
-0.43732
-0.21835
0.5376
-0.032608
-0.52976
0.27716
0.40886
-0.47227
-0.19891
1.3241
-0.003182
-1.326
0.63779
1.019
-1.1307
-0.46988
1.3554
-0.19341
-1.2514
0.80708
0.86014
-1.2154
-0.36487
1.3779
-0.25921
-1.2474
0.82684
0.86067
-1.222
-0.2949
1.3577
-0.34075
-1.2011
1.2754
-0.85699
-0.86686
1.2703
0.25295
-1.3907
0.42087
1.1792
-0.99338
-0.68411
1.326
0.057581
-1.4054
0.5276
1.1802
-1.0604
-0.67997
1.3618
0.045726
-1.3755
0.59178
1.0935
-1.1036
-0.57423
-0.20097
0.1618
0.13155
-0.22414
-0.02877
0.24146
-0.083662
-0.20232
0.18246
0.11771
-0.23647
0.023783
0.22094
-0.16292
-0.13166
0.21626
0.040816
-0.22794
0.05115
0.20514
-0.13542
-0.14935
0.20009
0.065357
-0.0857
0.29144
-0.046817
-0.27119
0.17541
0.19094
-0.2654
-0.062593
0.29667
-0.077825
-0.25084
0.22538
0.13051
-0.30466
0.020122
0.28578
-0.13856
-0.22193
0.22942
0.12222
-0.28042
-0.00024688
0.28129
-0.12436
0.30515
0.83261
-0.73967
-0.45067
0.9853
-0.05583
-0.9576
0.56163
0.67671
-0.90902
-0.19882
0.97966
0.011458
-0.92188
0.20546
0.81595
-0.64278
-0.50329
0.90685
0.034255
-0.94003
0.45284
0.7134
-0.83175
1.0861
0.41383
-1.2993
0.24972
1.1837
-0.84861
-0.7508
1.2418
0.12961
-1.3038
0.53109
1.0764
-0.67873
-0.94062
1.0123
0.42924
-1.2501
0.19386
1.1567
-0.78813
-0.76875
1.1843
0.17037
-1.2818
-0.081761
0.65206
-0.24692
-0.57999
0.57291
0.32894
-0.79095
0.061841
0.81388
-0.50078
-0.6077
0.74099
0.1523
-0.39262
0.0082556
0.37087
-0.18665
-0.3227
0.36902
0.18127
-0.49716
0.051693
0.52822
-0.32191
0.18097
0.48291
-0.46481
-0.27478
0.66355
-0.063285
-0.68735
0.44445
0.4957
-0.75597
-0.13123
0.66681
-0.061561
-0.25935
0.062056
0.25691
-0.21882
-0.17762
0.3578
0.010766
-0.41298
0.22076
0.35038
-0.43809
-0.31314
1.2295
-0.32004
-1.0544
0.86602
0.60208
-1.1693
0.013922
1.1569
-0.61624
-0.82806
0.95775
0.65276
-1.089
-0.39592
1.2642
-0.25562
-1.1308
0.82544
0.70063
-1.1789
-0.095006
1.2201
-0.52975
0.42602
1.0037
-0.93839
-0.51083
1.1999
-0.11098
-1.1312
0.70266
0.76058
-1.094
-0.2087
1.1651
0.060039
-1.2635
0.36738
1.0735
-0.91716
-0.60568
1.2161
-0.019383
-1.2001
0.63168
0.87019
-1.0731
1.1185
0.73303
-1.4833
0.012446
1.4741
-0.74592
-1.0914
1.2903
0.44902
-1.4973
0.30234
1.3656
-0.66237
-1.2382
1.0857
0.72949
-1.4684
3.5647e-05
1.4727
-0.74666
-1.1059
1.3038
0.44996
-1.5328
1.4002
-0.30232
-1.2499
0.9241
0.79112
-1.3124
-0.13687
1.3806
-0.53959
-1.1032
1.0762
0.67492
-1.2132
-0.36258
1.3581
-0.30765
-1.2211
0.91975
0.76488
-1.3129
-0.11336
1.3744
-0.57499
-1.0914
0.65454
-0.69476
-0.33707
0.86351
-0.064626
-0.84549
0.46132
0.64403
-0.76601
-0.29667
0.92054
-0.12804
-0.75689
0.41312
0.49713
-0.67357
-0.19334
0.78495
-0.1831
-0.72186
0.53236
0.48136
-0.7765
-0.12134
0.051728
-0.90727
0.38529
0.72369
-0.73604
-0.37347
0.91382
-0.060189
-0.88359
0.47718
0.66122
-0.73631
-0.34897
0.79719
-0.016753
-0.81542
0.41732
0.62977
-0.7412
-0.28085
0.89205
-0.15526
-0.83085
0.56277
-1.4276
0.723
1.091
-1.2684
-0.48036
1.5216
-0.26631
-1.411
0.96651
0.94448
-1.4507
-0.29132
1.4656
-0.17611
-1.3219
0.78539
0.95115
-1.2523
-0.34658
1.4354
-0.34721
-1.2785
0.97774
0.81749
-1.0542
1.3873
0.38874
-1.5962
0.39104
1.4249
-1.1001
-0.9018
1.5581
0.13668
-1.6442
0.56159
1.3333
-0.94443
-0.89419
1.3719
0.23668
-1.4952
0.48974
1.2744
-1.1114
-0.74521
1.4891
0.030504
-0.44567
1.1731
-0.10285
-1.1242
0.63157
0.83253
-1.0248
-0.35309
1.2006
-0.21057
-1.1097
0.73907
0.80355
-1.1102
-0.29046
1.2312
-0.30024
-1.077
0.80557
0.68597
-1.1218
-0.15329
1.1859
-0.40385
0.33581
0.83818
-0.72119
-0.50478
0.95623
0.064559
-0.99077
0.397
0.81567
-0.78148
-0.45384
1.0233
-0.035453
-1.0301
0.53136
0.76108
-0.88119
-0.33799
1.0256
-0.14402
-0.94633
0.58039
0.6689
-0.88431
-0.91937
-0.94799
1.3503
0.30233
-1.4743
0.39239
1.2746
-0.98891
-0.80156
1.3567
0.15346
-1.4844
0.49398
1.4538
-1.1796
-0.88191
1.5763
0.11109
-1.5921
0.64931
1.2524
-1.2258
-0.64765
1.5088
-1.4634
-0.09114
1.4845
-0.60523
-1.1819
1.1523
0.6288
-1.439
0.050443
1.4016
-0.71762
-1.1598
1.3212
0.70139
-1.6806
0.11413
1.5888
-0.86815
-1.1382
1.3914
0.45714
-1.5766
0.29656
1.4087
-1.7852
-0.64665
2.125
-0.44535
-1.9021
1.4209
1.1664
-2.0256
-0.13222
2.0756
-0.93983
-1.6497
1.2211
1.4773
-1.6351
-0.7229
2.0365
-0.30183
-1.8958
1.2869
1.2606
-1.9412
-0.26715
2.0971
-2.187
0.67168
1.8481
-1.6245
-1.0181
2.1442
-0.088401
-2.1038
1.1561
1.4918
-1.9032
-0.77148
1.8947
0.50895
-2.0863
0.52882
1.8502
-1.4747
-1.1029
2.0644
0.05851
-2.106
1.0288
1.5949
0.57383
1.6603
-1.3844
-0.97055
1.8579
0.056375
-1.8658
0.86421
1.4297
-1.5442
-0.64912
1.8401
0.019409
-1.8767
0.68926
1.5601
-1.4599
-0.86723
1.8852
-0.0522
-1.8703
0.96585
1.3991
-1.6548
1.8163
0.44967
-2.0373
0.55261
1.7696
-1.4167
-1.0652
1.9414
0.11491
-1.9793
0.85956
1.5976
-1.3509
-1.1504
1.8216
0.27671
-1.977
0.67191
1.6612
-1.4873
-0.95097
1.9591
-0.0013722
-1.9692
0.57442
-1.2105
0.013356
1.2098
-0.61165
-0.91914
1.0671
0.39372
-1.2726
0.23286
1.1584
-0.76689
-0.86449
1.0097
0.46776
-1.2031
0.11932
1.1512
-0.67364
-0.82704
1.0772
0.3073
-1.2318
0.29006
-0.17366
-1.1611
0.74185
0.80321
-1.1459
-0.24665
1.274
-0.3867
-1.0947
0.93217
0.63348
-1.1979
-0.22603
1.2355
-0.2794
-1.0852
0.80812
0.70056
-1.1462
-0.14786
1.2226
-0.44474
-1.0137
0.94005
0.66439
-0.44525
-0.46502
0.67204
0.15382
-0.76065
0.2016
0.68206
-0.5335
-0.4503
0.75935
0.083971
-0.74184
0.20992
0.58183
-0.48557
-0.35217
0.66268
0.036422
-0.68959
0.2923
0.55634
-0.56302
-0.2977
0.48164
-0.79165
-0.11733
0.86606
-0.29426
-0.75018
0.66045
0.45419
-0.89988
-0.03646
0.92725
-0.38411
-0.66705
0.59423
0.3359
-0.75126
0.016908
0.75572
-0.37961
-0.59007
0.66634
0.28185
-0.81522
0.098752
-0.40684
0.093623
0.34461
-0.25934
-0.19838
0.34866
0.0194
-0.34159
0.15148
0.25444
-0.26934
-0.15563
0.36764
0.162
-0.49245
0.072549
0.43684
-0.29496
-0.27148
0.42353
0.047518
-0.43012
0.17322
0.32749
-0.3258
0.30041
0.16352
-0.3674
0.029421
0.33874
-0.19437
-0.22532
0.29854
0.068513
-0.31884
0.026255
0.43142
-0.13376
-0.4171
0.33467
0.23131
-0.44388
0.003167
0.42837
-0.22017
-0.29926
0.36522
0.10436
-0.55688
-1.5268
1.3316
0.85114
-1.7697
0.044428
1.7451
-0.9418
-1.2749
1.5873
0.45631
-1.7812
-0.021304
1.8093
-0.51822
-1.54
1.3066
0.89191
-1.7471
-0.0034544
1.7542
-0.87917
-1.3076
1.5427
-1.3249
-0.80995
1.7326
-0.071828
-1.6986
0.93142
1.2188
-1.5606
-0.43044
1.7733
-0.46307
-1.5959
0.76294
1.5115
-1.311
-0.8471
1.7456
-0.023812
-1.7203
0.89634
1.2692
-1.5311
-0.49192
1.7786
-0.29916
-0.51304
0.55961
0.20857
-0.65563
0.13568
0.56275
-0.42732
-0.3283
0.57505
0.013003
-0.58383
0.033358
0.70843
-0.23474
-0.60125
0.55191
0.31724
-0.70773
0.057749
0.67309
-0.40574
-0.44991
0.63508
-0.54448
-0.14853
0.60827
-0.17498
-0.50193
0.42975
0.25894
-0.556
0.033439
0.51264
-0.29989
-0.43335
0.31258
0.53196
-0.53474
-0.25178
0.66624
-0.093086
-0.60491
0.41153
0.38338
-0.60365
-0.058937
0.62415
-1.0468
1.3244
0.37633
-1.5031
0.38657
1.2979
-1.0327
-0.75919
1.4035
0.043054
-1.4033
0.57248
1.2506
-0.84132
-1.0248
1.3184
0.37045
-1.5113
0.3798
1.3277
-1.0419
-0.80581
1.4492
0.083811
-0.66873
1.6349
-0.15799
-1.5343
0.93139
1.0471
-1.4397
-0.30314
1.5651
-0.48951
-1.3005
0.98806
1.143
-1.3234
-0.67813
1.6558
-0.14922
-1.5854
0.94247
1.1155
-1.4974
-0.35795
1.6753
-0.48065
-0.30868
0.59436
0.0061467
-0.62271
0.32884
0.47064
-0.58998
-0.17039
0.69366
-0.19595
-0.60581
0.43813
0.32043
-0.27109
-0.23041
0.38496
0.050633
-0.45238
0.19031
0.39439
-0.41671
-0.19803
0.55691
-0.086238
0.04198
0.59246
-0.36285
-0.42125
0.60605
0.11129
-0.68419
0.251
0.56418
-0.55966
-0.28286
0.57156
0.10431
-0.36591
-0.01965
0.41144
-0.20188
-0.345
0.41294
0.15483
-0.53009
0.12488
0.50336
-0.40435
0.074746
0.12448
-0.1196
-0.091918
0.16137
0.039743
-0.19295
0.029889
0.19736
-0.11794
-0.17094
0.1923
-0.06151
-0.071422
0.18504
-0.0092134
-0.16336
0.066419
0.13368
-0.1023
-0.094028
0.12921
0.054987
-0.14569
0.25606
-0.050926
-0.22947
0.1339
0.17562
-0.19797
-0.10416
0.23469
0.015911
-0.24838
0.081355
0.17749
-0.30165
0.10292
0.29228
-0.22107
-0.18082
0.28509
0.058652
-0.29045
0.060737
0.25309
-0.15452
-0.18184
0.60998
-1.2226
-0.0096002
1.1909
-0.56086
-0.88758
0.96166
0.39654
-1.1166
0.14383
1.0063
-0.62211
-0.92113
1.1128
0.55226
-1.3893
0.12186
1.3085
-0.74343
-0.92796
1.173
0.34805
-1.3147
0.28776
-0.01761
-1.209
0.59376
0.8914
-1.0033
-0.38876
1.1527
-0.17301
-1.0316
0.64904
0.70045
-1.0178
-0.42311
1.3716
-0.16254
-1.292
0.77586
0.90421
-1.1942
-0.31875
1.3257
-0.32152
-1.1466
0.86217
-1.5153
0.33729
1.3267
-0.97958
-0.82304
1.3646
0.14073
-1.4058
0.54659
1.1042
-1.0764
-0.65497
1.3847
0.32603
-1.6124
0.4251
1.3875
-1.1005
-0.83223
1.4982
0.090355
-1.5221
0.65935
1.1815
-1.3765
1.2467
0.73715
-1.5861
0.063216
1.5236
-0.81336
-1.089
1.3286
0.40202
-1.5098
0.16494
1.6351
-0.64014
-1.4618
1.3479
0.7766
-1.7186
0.087049
1.6579
-0.90544
-1.1836
1.4825
0.43452
2.9845
-0.57777
-2.6966
1.8961
1.7571
-2.7493
-0.39787
2.9315
-1.0374
-2.39
2.2124
1.415
-2.7182
-0.60652
2.9858
-0.7846
-2.6111
2.0487
1.6106
-2.8395
-0.23229
2.9493
-1.2124
-2.3594
2.5361
-2.1413
-1.4812
2.8589
0.072981
-2.88
1.3417
2.2078
-2.4077
-0.99854
2.8957
-0.20128
-2.8497
1.108
2.4223
-2.2791
-1.3175
2.9176
-0.11007
-2.8703
1.5065
2.1293
-2.5506
-0.88371
1.1691
-1.2765
-0.56411
1.553
-0.18045
-1.4742
0.8896
1.0513
-1.3977
-0.37948
1.5887
-0.36442
-1.3885
0.87685
0.98046
-1.3424
-0.35095
1.5139
-0.36824
-1.3512
1.0109
0.8757
-1.4386
-0.19763
0.60654
-1.5339
0.13511
1.4745
-0.85414
-1.0658
1.3745
0.40117
-1.5711
0.36411
1.4038
-0.9667
-1.0068
1.2685
0.44664
-1.4939
0.27011
1.3727
-0.94008
-0.93134
1.3954
0.25766
-1.5335
0.48135
2.3602
-1.9258
-1.3734
2.5685
0.072667
-2.5685
1.1913
1.9313
-2.1288
-0.84973
2.5167
-0.21936
-2.667
0.86934
2.5445
-2.0628
-1.4721
2.7778
0.068023
-2.7766
1.3134
2.0795
-2.3336
-0.8954
1.3182
-2.5971
-0.014026
2.5577
-1.261
-1.8969
2.1742
0.78427
-2.527
0.48296
2.2724
-1.3704
-2.1793
2.1019
1.4222
-2.7757
-0.011464
2.7533
-1.3641
-2.0421
2.3613
0.83318
-2.7495
0.54045
-1.3432
1.1131
0.83467
-1.5984
-0.044996
1.6929
-0.8326
-1.3368
1.5525
0.57711
-1.911
0.27588
1.3713
-0.37854
-0.99736
0.81992
0.64357
-1.2006
-0.057813
1.3117
-0.6113
-1.0672
1.2041
0.50741
-0.69205
1.6998
-0.14879
-1.6983
1.0288
1.2384
-1.7095
-0.41187
1.9774
-0.59999
-1.7234
1.1983
0.96949
-1.0107
-0.51281
1.2955
-0.1163
-1.3085
0.80065
0.97952
-1.3424
-0.33842
1.5916
-0.45781
-0.98493
-1.0879
1.5287
0.30482
-1.6692
0.5352
1.3754
-1.2216
-0.75287
1.5679
-0.044171
-1.5396
0.37922
1.5681
-0.89751
-1.1485
1.5051
0.39347
-1.7076
0.48632
1.4676
-1.2337
-0.83282
1.6576
-1.5536
-0.33248
1.7045
-0.53341
-1.4173
1.2338
0.77282
-1.6075
0.032589
1.5534
-0.796
-1.2693
1.0271
1.1806
-1.5189
-0.41703
1.7495
-0.46725
-1.5063
1.2428
0.87515
-1.6825
-0.012222
1.6822
0.77547
-0.39663
-0.58276
0.67951
0.24885
-0.7994
0.14057
0.72573
-0.49264
-0.48138
0.72143
0.14922
-0.76514
0.096446
0.72838
-0.43684
-0.52382
0.69551
0.1896
-0.79479
0.19507
0.70335
-0.54079
-0.44413
0.63308
-0.59786
-0.34181
0.76852
-0.035909
-0.75259
0.40515
0.55426
-0.67488
-0.22275
0.77807
-0.10167
-0.70295
0.30574
0.56609
-0.5848
-0.28924
0.73675
-0.072191
-0.71415
0.42487
0.51091
-0.6842
-0.17971
-0.59677
-1.3723
1.2806
0.7518
-1.6737
0.06399
1.6538
-0.89114
-1.2342
1.5022
0.49169
-1.7219
0.11611
1.5137
-0.65186
-1.1989
1.2584
0.60947
-1.5719
0.15414
1.5212
-0.9048
-1.0988
1.4577
-1.3524
-0.69711
1.7086
-0.14383
-1.6616
0.96272
1.1956
-1.5721
-0.43389
1.7943
-0.45536
-1.5691
0.87594
1.1991
-1.3323
-0.54934
1.6243
-0.233
-1.5257
0.98559
1.0615
-1.5201
-0.32778
1.6992
-0.53235
0.90312
0.083532
-0.94325
0.3889
0.7494
-0.76333
-0.36515
0.94567
-0.11365
-0.8922
0.49975
0.73979
-0.67991
-0.51763
0.91845
0.059863
-0.94479
0.40838
0.74064
-0.77349
-0.35514
0.94975
-0.11531
0.021065
0.89985
-0.46858
-0.66398
0.80125
0.26306
-0.93129
0.20519
0.82568
-0.62285
-0.52793
0.83343
0.30718
-0.92197
0.043396
0.90137
-0.49144
-0.65514
0.81504
0.25017
-0.93637
0.21575
0.82884
-0.62586
-1.0163
-0.096907
1.0369
-0.41904
-0.79552
0.80017
0.37121
-0.95699
0.11247
0.85678
-0.54212
-0.65868
0.79146
0.65791
-1.1395
-0.11652
1.1786
-0.46524
-0.91997
0.91594
0.44966
-1.1151
0.11846
1.0325
-0.98755
0.69484
0.61621
-0.98261
-0.10585
1.0064
-0.40092
-0.7759
0.76964
0.35646
-0.94443
-0.033462
1.0999
-0.20145
-1.1063
0.75225
0.71431
-1.0921
-0.15127
1.1511
-0.42347
-0.91214
0.87374
0.45743
0.36363
0.30935
-0.50479
-0.091029
0.55987
-0.15545
-0.5104
0.39131
0.35348
-0.57417
-0.10871
0.62148
-0.23315
-0.39884
0.4411
0.17612
-0.52245
0.067943
0.4924
-0.29227
-0.35948
0.45552
0.15671
-0.53027
1.0505
-0.23176
-0.94034
0.67108
0.63208
-0.96774
-0.1864
1.0636
-0.30621
-0.93479
0.74333
0.60516
-1.0188
-0.13059
1.0647
-0.38346
-0.87602
0.80282
0.48699
-1.0317
0.0054263
1.0233
-0.48935
-0.79088
0.42899
1.8257
-1.3056
-1.1817
1.8684
0.27839
-1.9863
0.68229
1.6533
-1.4661
-0.93937
1.9243
0.26647
-2.1027
0.58791
1.8206
-1.4811
-1.0893
1.9995
0.10543
-2.0369
0.88449
1.5924
-1.6474
1.2826
1.2484
-1.8728
-0.34265
2.032
-0.62817
-1.7215
1.4558
1.0269
-1.9414
-0.10082
2.0402
-0.63734
-1.867
1.4658
1.1408
-2.0154
-0.15551
2.0729
-0.85151
-1.6457
1.6402
0.8435
-2.0336
-1.9301
-0.70919
2.2542
-0.38516
-2.0431
1.3693
1.366
-2.0191
-0.38424
2.1905
-0.67961
-1.9303
1.4128
1.6554
-2.1249
-0.63474
2.413
-0.5571
-2.1045
1.5862
1.3065
-2.1986
-0.21433
2.2792
-2.1902
0.61072
1.8747
-1.5032
-1.1322
2.035
0.14799
-2.0932
0.85498
1.6697
-1.6484
-1.0385
2.1606
0.34524
-2.3373
0.79264
1.9199
-1.7221
-1.047
2.2151
-0.04289
-2.1598
1.0939
1.605
1.5165
-1.7013
-0.69287
2.0359
-0.3019
-1.8911
1.2205
1.2914
-1.8501
-0.38673
2.0364
-0.54401
-1.8292
1.1389
1.3761
-1.7789
-0.51503
2.0317
-0.46766
-1.8104
1.3432
1.1601
-1.9105
-0.23775
0.46055
-2.0093
0.51419
1.7573
-1.3743
-1.0895
1.9021
0.1574
-1.9765
0.80858
1.5829
-1.4917
-1.0597
1.8427
0.27749
-1.9742
0.67732
1.6521
-1.4791
-0.94215
1.937
0.0024359
-1.9451
0.93934
0.73675
0.16447
-0.82092
0.26763
0.67443
-0.62169
-0.34198
0.8002
-0.079235
-0.74944
0.47667
0.54564
-0.51382
-0.60157
0.69022
0.27957
-0.83833
0.15701
0.74938
-0.55511
-0.45946
0.79127
0.037639
-0.81126
0.80237
-0.3702
-0.59927
0.68493
0.2268
-0.79876
0.20247
0.68443
-0.56099
-0.37158
0.74805
0.14545
-0.73869
-0.18329
0.84336
-0.24572
-0.71305
0.61878
0.37581
-0.82008
0.058364
0.77935
-0.47651
-0.52278
1.8774
-0.77621
-1.4595
1.4637
0.70942
-1.7771
0.16613
1.6506
-0.96396
-1.1428
1.4989
0.51782
-1.8874
-0.049073
2.0872
-0.93262
-1.5823
1.6935
0.71935
-2.0124
0.27887
1.8298
-1.1701
-1.222
1.3593
-1.7108
-0.49368
1.9044
-0.45406
-1.6378
1.237
0.98741
-1.6868
-0.13586
1.7294
-0.5477
-1.9032
1.2461
1.4944
-1.9485
-0.49748
2.1558
-0.57424
-1.8283
1.4576
1.0679
-1.9511
-0.089933
-0.11479
0.88888
-0.37106
-0.72964
0.80691
0.32538
-1.0275
0.23252
0.95049
-0.77253
-0.5767
0.96575
0.22998
-0.50599
-0.21581
0.61373
-0.11965
-0.59548
0.4676
0.38121
-0.7142
-0.0024473
0.77294
-0.42683
0.46495
0.51059
-0.78769
-0.10005
0.90934
-0.4003
-0.74258
0.84562
0.31627
-1.0761
0.23515
0.80886
-0.18573
-0.44767
0.17152
0.39534
-0.4267
-0.19464
0.58862
-0.12046
-0.57713
0.46897
0.36968
-0.71908
-0.29835
-1.28
0.96693
0.7849
-1.3948
-0.072214
1.4386
-0.68548
-1.1039
1.255
0.45229
-1.4251
-0.15558
1.3024
-0.14582
-1.2236
0.80333
0.83731
-1.248
-0.19464
1.3731
-0.51983
-1.1217
1.1136
-1.1784
-0.62437
1.5158
-0.16688
-1.455
0.92223
0.98121
-1.4555
-0.24244
1.5876
-0.57168
-1.308
0.61002
1.1936
-0.98143
-0.69345
1.3758
-0.0038606
-1.3908
0.73657
1.0308
-1.2885
-0.37197
1.5031
0.85413
0.43989
-1.0604
0.025422
1.073
-0.50398
-0.8712
0.91034
0.48309
-1.1558
0.029838
1.1436
-0.68101
-0.58018
0.9993
0.10115
-1.0402
0.36225
0.87917
-0.74714
-0.5473
0.99344
0.11589
-1.0487
1.0223
-0.23306
-0.9328
0.6478
0.6677
-0.95566
-0.25784
1.0958
-0.22764
-1.026
0.70995
0.62742
-1.0412
0.11779
0.9739
-0.56324
-0.71319
0.87213
0.32824
-1.0064
0.11422
0.95867
-0.52779
-0.73023
-2.4024
0.68519
2.0387
-1.6527
-1.2064
2.2087
0.12412
-2.2278
0.95063
1.7242
-1.7697
-0.95603
2.3084
0.25491
-2.5649
0.94518
2.0731
-1.9304
-1.1146
2.4432
-0.074011
-2.371
1.2177
1.7542
-1.8242
1.789
0.93274
-2.2032
0.15067
2.0906
-1.1532
-1.4907
1.846
0.56404
-2.1001
0.31891
2.2565
-1.1778
-1.8487
2.0517
0.83038
-2.4237
0.35304
2.2205
-1.4165
-1.4998
2.1211
0.45574
-0.26823
1.1414
-0.31381
-1.0083
0.85304
0.59987
-1.1832
-0.00049573
1.2178
-0.62607
-0.92833
0.99845
0.53761
-0.79542
-0.30203
0.93598
-0.18897
-0.87739
0.66193
0.56506
-0.98242
-0.06546
1.0569
-0.48173
0.43326
0.84254
-0.88128
-0.41128
1.1295
-0.15436
-1.0817
0.72027
0.74475
-1.1248
-0.19668
1.0983
-0.034984
-0.83412
0.30018
0.70272
-0.68802
-0.3768
0.91935
-0.083911
-0.91308
0.5686
0.65913
-0.93052
-2.4543
1.1323
1.8827
-2.0482
-0.85971
2.4577
-0.35373
-2.2658
1.4614
1.5241
-2.2072
-0.58062
2.4562
-0.060232
-2.5069
1.2392
1.8812
-2.1624
-0.79924
2.5502
-0.46029
-2.3044
1.5992
1.5074
-1.8727
2.3133
0.71977
-2.6469
0.59258
2.3341
-1.7353
-1.4612
2.4337
0.24304
-2.5532
0.75876
2.4507
-1.5016
-1.8899
2.4212
0.67562
-2.7428
0.69359
2.3878
-1.8682
-1.4426
2.5743
0.16492
0.19986
0.13297
-0.26505
-0.030398
0.29262
-0.092324
-0.26927
0.21322
0.18966
-0.30845
-0.061177
0.30864
-0.17583
-0.06387
0.24083
-0.05283
-0.21698
0.12562
0.17427
-0.18691
-0.11043
0.23407
0.028315
-0.25389
0.15682
0.067135
-0.20476
0.015237
0.2206
-0.11678
-0.18947
0.2144
0.10563
-0.28405
0.023777
0.19607
-0.13058
0.040159
0.096492
-0.071271
-0.081998
0.091506
0.067256
-0.11787
-0.03912
0.14797
-0.0074142
-0.16453
1.0006
-0.0061041
-1.0366
0.55607
0.78097
-0.98514
-0.28515
1.1704
-0.31435
-1.0346
0.86342
0.61699
-0.76785
-0.44711
0.7343
0.10557
-0.8439
0.34195
0.69829
-0.74491
-0.33599
0.9592
-0.16718
-0.91522
0.89044
-0.64368
-0.59105
0.98066
0.10277
-1.0691
0.45274
0.87514
-0.91555
-0.42451
1.142
-0.0367
-0.7997
0.073166
0.68377
-0.43124
-0.50787
0.72782
0.14411
-0.85534
0.30021
0.74045
-0.71193
-0.4028
1.6304
1.3725
-2.3419
-0.22031
2.4968
-1.0191
-2.0219
2.0549
1.0352
-2.5983
0.24901
2.4584
-0.95096
-1.9328
1.5126
1.2092
-2.1639
-0.15143
2.2726
-0.99259
-1.8177
1.9204
0.88582
-2.3968
2.3125
0.016893
-2.3515
1.157
1.8142
-2.0715
-0.80261
2.5078
-0.42777
-2.3237
1.5686
1.6305
-1.848
-0.99197
2.1537
-0.061296
-2.1661
1.1377
1.6248
-1.9693
-0.66849
2.3309
-0.48346
-2.1235
0.17587
-0.23699
-0.073065
0.28945
-0.064269
-0.27468
0.20443
0.18913
-0.30655
-0.044615
0.34147
-0.11869
-0.17814
0.14039
0.053058
-0.16383
0.0049215
0.17858
-0.083974
-0.16246
0.16536
0.10153
-0.23002
-0.0022259
0.075062
-0.25235
0.044918
0.25033
-0.17276
-0.17973
0.27473
0.054348
-0.31451
0.10186
0.2723
-0.20148
-0.070372
0.12126
-0.0067459
-0.13308
0.059414
0.12733
-0.12723
-0.089096
0.18519
0.010836
-0.21314
0.091496
-0.14622
-1.3589
0.81237
0.9826
-1.312
-0.35264
1.5061
-0.39067
-1.3348
1.0597
0.81863
-1.4081
-0.21738
1.3347
-0.29839
-1.1712
0.86485
0.78291
-1.2502
-0.19528
1.3686
-0.45952
-1.1704
1.0379
-1.2178
-0.50547
1.4738
-0.20132
-1.3933
0.87991
0.97946
-1.3697
-0.32083
1.5403
-0.43166
-1.3137
0.93965
0.88933
-1.2786
-0.28185
1.4201
-0.38218
-1.2435
0.97479
0.79254
-1.3565
-0.1522
1.4435
0.11776
-0.7175
0.23278
0.58699
-0.51246
-0.32827
0.6594
0.00265
-0.65139
0.31076
0.4951
-0.53709
-0.40255
0.76055
0.13779
-0.82332
0.28057
0.66306
-0.60255
-0.34486
0.75782
-0.037905
-0.71844
0.38923
-0.33647
-0.52325
0.58246
0.22673
-0.68051
0.10672
0.61394
-0.40368
-0.41027
0.59501
0.13033
-0.6952
0.038414
0.80097
-0.37842
-0.60098
0.6731
0.24949
-0.7788
0.14624
0.68587
-0.48126
-0.42972
0.6798
2.0208
-0.0061411
-2.0141
0.99491
1.5146
-1.7398
-0.65173
2.0596
-0.3629
-1.868
1.2998
1.3109
-1.7386
-0.91886
2.0977
-0.087224
-2.0468
1.0888
1.4905
-1.8246
-0.59001
2.1002
-0.45287
-1.8715
1.5846
-1.038
-1.068
1.5524
0.2966
-1.6902
0.53437
1.4222
-1.2258
-0.80711
1.6314
0.16145
-1.7523
0.32409
1.6298
-1.1279
-1.0632
1.6389
0.23724
-1.7488
0.62205
1.4222
-1.3218
-0.76398
-1.3147
-0.92533
1.7939
0.076583
-1.886
0.83641
1.5292
-1.6164
-0.78754
2.0509
-0.20313
-1.942
0.91027
1.307
-1.3172
-0.65177
1.6633
-0.13825
-1.6177
0.92559
1.2016
-1.5223
-0.49114
1.7925
-1.933
0.2734
1.8352
-1.1733
-1.3077
1.8346
0.43754
-2.1005
0.5786
1.8659
-1.5063
-1.1804
1.7632
0.44444
-1.8342
0.45147
1.6338
-1.2429
-1.0382
1.7603
0.19869
-1.8754
0.70602
1.5611
-1.9814
2.0151
0.98172
-2.4825
0.25213
2.3484
-1.3996
-1.6432
2.1975
0.55523
-2.4642
0.52335
2.3368
-1.1281
-1.9731
2.0725
0.93538
-2.5373
0.33079
2.3728
-1.5042
-1.6152
2.3057
0.47351
-0.73247
2.5099
-0.50606
-2.2412
1.6139
1.437
-2.3055
-0.29146
2.4321
-0.90598
-1.9927
1.7086
1.5703
-2.1935
-0.69055
2.5363
-0.57523
-2.2505
1.6984
1.4081
-2.3914
-0.21169
2.4953
-1.0208
0.39924
-0.7073
-0.015906
0.71249
-0.3776
-0.51093
0.65022
0.154
-0.73542
0.24017
0.60404
-0.46006
-0.52394
0.35032
0.53318
-0.60432
-0.19566
0.72205
-0.20073
-0.61683
0.54144
0.31941
-0.72269
0.073907
-0.028015
-0.7037
0.40985
0.47633
-0.67526
-0.11237
0.73178
-0.28946
-0.57664
0.60045
0.26104
-0.61917
-0.31425
0.63073
0.16003
-0.71175
0.23732
0.59108
-0.56485
-0.28502
0.72482
-0.11549
-0.66791
0.481
-0.74179
-0.26518
0.88802
-0.15422
-0.83957
0.56239
0.58995
-0.86655
-0.18748
0.98039
-0.29116
-0.82654
0.59905
0.46135
-0.72491
-0.1016
0.79046
-0.26438
-0.67683
0.59137
0.41333
-0.79861
-0.043165
0.83888
-0.86676
0.26703
0.76101
-0.63947
-0.47561
0.88496
0.06038
-0.94164
0.39241
0.77655
-0.78225
-0.38508
0.82704
-1.3779e-05
-0.75596
0.36737
0.60092
-0.65301
-0.30049
0.80948
-0.074339
-0.79018
0.45113
0.595
1.8435
-0.77121
-1.4333
1.459
0.68148
-1.7683
0.19649
1.6319
-0.98995
-1.1114
1.5163
0.47008
-1.7798
-0.12228
1.9658
-0.8188
-1.5373
1.5796
0.73048
-1.9316
0.23689
1.7842
-1.1267
-1.2035
1.3115
-1.6002
-0.5001
1.8117
-0.40804
-1.5761
1.1686
0.96643
-1.6118
-0.15482
1.664
-0.48235
-1.7343
1.0086
1.398
-1.6971
-0.53832
1.9542
-0.4479
-1.7162
1.2965
1.0428
-1.8043
-0.13415
-1.0267
0.92303
0.59137
-1.2057
-0.017974
1.2148
-0.56036
-0.9477
1.0085
0.46409
-1.2289
0.10555
1.1532
-0.5908
-0.88002
1.0083
0.41282
-1.2085
0.15694
1.1434
-0.69887
-0.81814
1.0916
0.30333
-0.29642
0.92483
-0.14272
-0.86173
0.55488
0.59919
-0.843
-0.19862
0.93635
-0.25011
-0.81977
0.61835
0.50546
-0.79995
-0.13926
0.87785
-0.26823
-0.76064
0.63111
0.47296
-0.86077
-0.069311
0.90313
-0.35863
-0.5704
0.017331
0.56982
-0.28378
-0.44226
0.49531
0.21155
-0.59775
0.072621
0.56445
-0.34233
-0.3761
0.52851
0.076483
-0.55254
0.1753
0.4772
-0.38244
-0.3117
0.52377
0.08244
-0.5667
0.17323
0.49657
-0.64493
0.24292
0.54354
-0.50486
-0.31376
0.66178
0.0025392
-0.6703
0.31802
0.52399
-0.56902
-0.20617
0.60775
-0.12423
-0.52148
0.3567
0.37779
-0.52807
-0.15205
0.60895
-0.11802
-0.57043
0.38273
0.40886
0.6547
-1.1949
-0.049084
1.2251
-0.58457
-0.93708
1.0669
0.39283
-1.2767
0.26232
1.1585
-0.74721
-0.91376
0.78707
0.69269
-1.1182
-0.11841
1.1878
-0.49469
-0.94544
0.98214
0.44409
-1.2228
0.17679
-0.070752
-1.1924
0.68132
0.84719
-1.1269
-0.27659
1.2737
-0.37908
-1.086
0.94273
0.63041
-1.1408
-0.40648
1.1404
0.0076355
-1.155
0.58956
0.86209
-1.0416
-0.3369
1.2217
-0.29326
-1.0857
0.85094
-0.98208
1.3893
0.30909
-1.5298
0.42985
1.3182
-1.0577
-0.80485
1.4391
0.11584
-1.4909
0.54761
1.3139
-1.019
-0.90885
1.4503
0.19369
-1.5474
0.56334
1.2699
-1.1816
-0.69029
1.5143
-0.046383
-0.019976
1.593
-0.74178
-1.2291
1.3285
0.59179
-1.6036
0.17603
1.5161
-0.89595
-1.0922
1.3768
0.60254
-1.6344
0.1203
1.5732
-0.89042
-1.1405
1.4432
0.43786
-1.6519
0.36339
1.4717
-1.0715
-0.28269
-0.18891
0.40283
-0.01977
-0.42248
0.24622
0.31635
-0.43633
-0.10875
0.52176
-0.16105
-0.43595
0.16555
0.28977
-0.14105
-0.20934
0.27758
0.058804
-0.32145
0.12671
0.26761
-0.28534
-0.12206
0.37164
-0.52283
0.135
0.48177
-0.39589
-0.30777
0.57693
0.024428
-0.62786
0.29596
0.5105
-0.5642
-0.25343
0.42635
0.13393
-0.38662
0.069926
0.37573
-0.27413
-0.24553
0.42372
0.034782
-0.46596
0.20992
0.38327
-1.4061
-0.36457
1.5615
-0.41051
-1.3311
1.0593
0.78126
-1.429
-0.063913
1.4241
-0.65106
-1.1978
1.0836
1.0878
-1.5738
-0.35278
1.7196
-0.49476
-1.4401
1.1961
0.82936
-1.5782
-0.035979
1.5696
-1.4867
0.60043
1.1628
-1.1646
-0.56301
1.421
-0.15588
-1.3194
0.80386
0.88203
-1.2421
-0.45912
1.5102
0.12448
-1.6409
0.67741
1.2752
-1.2914
-0.6073
1.5707
-0.17725
-1.45
0.89352
0.98329
-0.62445
-2.1044
1.6661
1.2958
-2.3253
-0.16094
2.4182
-1.0409
-1.9257
1.9981
0.9488
-2.4141
-0.10357
2.2834
-0.71879
-1.9382
1.6886
1.1293
-2.2559
-0.026594
2.2895
-1.1013
-1.7682
1.9802
-1.7237
-1.0274
2.246
-0.077744
-2.2339
1.1814
1.6635
-2.0237
-0.67754
2.3743
-0.47871
-2.1353
1.0724
1.6908
-1.7128
-0.86468
2.162
-0.18741
-2.0869
1.2187
1.5066
-1.9746
-0.54892
2.2629
