0.13829
-1.4975
0.62418
1.1844
-1.2383
-0.56452
1.5283
-0.21558
-1.4305
0.9423
0.96558
-1.3416
-0.60161
1.3253
0.22048
-1.4374
0.52735
1.1826
-1.1416
-0.60657
1.4623
-0.14264
-1.4051
0.85977
-0.45326
-1.1594
1.0444
0.62181
-1.3677
0.072603
1.3264
-0.75356
-0.94458
1.2353
0.34256
-1.3451
-0.13787
1.3714
-0.35639
-1.1965
0.97914
0.69629
-1.3399
-0.0092006
1.3446
-0.68565
-0.99779
1.1941
-0.42511
-0.78751
0.86824
0.29222
-1.0413
0.29056
0.8743
-0.79772
-0.44238
1.043
-0.14907
-0.94834
0.0024314
1.0543
-0.086794
-1.0065
0.66135
0.63763
-0.99831
-0.062222
1.029
-0.51327
-0.72765
0.92293
-0.93944
-0.23694
1.0722
-0.37143
-0.87538
0.86079
0.39086
-1.102
0.20979
0.9883
-0.74471
-0.73027
0.44835
0.99416
-0.73576
-0.5807
1.0647
-0.0081373
-1.0379
0.59793
0.69957
-0.98383
-0.13934
1.0616
-0.67114
0.79994
0.29426
-1.0073
0.22628
0.95106
-0.74518
-0.61056
1.1085
0.051504
-1.1927
0.47675
0.70607
-0.30667
-0.46392
0.5014
0.24005
-0.67559
0.10303
0.68615
-0.474
-0.48605
0.77665
0.11291
0.10008
1.2617
-0.73849
-0.9486
1.2614
0.35576
-1.5007
0.39381
1.3642
-1.1122
-0.84185
1.3469
0.2225
-0.96344
0.16388
0.90709
-0.6195
-0.65594
0.98472
0.2123
-1.1448
0.35066
1.0394
-0.88957
-0.067703
-1.0051
0.54035
0.72108
-0.8671
-0.29937
0.97791
-0.16537
-0.8807
0.55595
0.59936
-0.86855
-0.33977
1.151
-0.15378
-1.0874
0.68748
0.73896
-1.0337
-0.22279
1.1221
-0.32385
-0.94169
0.76743
-0.65112
-0.64579
0.9372
0.18582
-1.0027
0.28313
0.84049
-0.66907
-0.51665
0.88113
0.091717
-0.99966
0.27774
1.042
-0.79317
-0.6416
1.0942
0.10226
-1.1221
0.44289
0.88637
-0.86028
-0.45452
1.0574
1.0314
-1.785
-0.09576
1.7878
-0.83519
-1.3233
1.488
0.51483
-1.7241
0.38072
1.483
-0.99209
-1.4744
1.2811
1.2874
-1.8845
-0.2877
2.013
-0.7439
-1.5956
1.5506
0.76928
-1.919
0.22818
-0.047035
-1.8456
0.98965
1.2898
-1.6413
-0.42297
1.8129
-0.53195
-1.5026
1.2908
0.82851
-1.6001
-0.81375
2.0119
0.13867
-2.0522
0.92552
1.5583
-1.7058
-0.65864
2.0164
-0.38982
-1.7838
1.2964
0.02074
0.84903
-0.41179
-0.64867
0.70249
0.31288
-0.83651
0.077937
0.7834
-0.43936
-0.56553
0.72321
0.21818
-0.95704
0.24132
0.84902
-0.61868
-0.55091
0.85716
0.15187
-0.91255
0.26484
0.77725
-0.61634
0.33805
0.37404
-0.50127
-0.14602
0.55446
-0.10741
-0.49697
0.32546
0.33708
-0.46936
-0.11935
0.5566
-0.2618
-0.49519
0.52723
0.25872
-0.62155
0.021697
0.59586
-0.2818
-0.45871
0.47604
0.23942
-0.57205
-0.96621
1.7567
0.10073
-1.7939
0.78701
1.4031
-1.4703
-0.66974
1.7981
-0.21729
-1.6891
0.97024
1.4257
-1.3854
-0.94558
1.8246
0.030204
-1.831
0.87381
1.3887
-1.5525
-0.61341
1.8478
-0.29759
0.22002
1.7054
-1.0531
-1.177
1.6322
0.37466
-1.8068
0.5193
1.5491
-1.2799
-0.93209
1.6852
0.47195
-1.8758
0.29373
1.72
-1.147
-1.1467
1.7056
0.30005
-1.8432
0.611
1.535
-1.3609
0.036794
-0.45772
0.17478
0.39005
-0.3668
-0.23287
0.49104
0.0075217
-0.51574
0.24023
0.42474
-0.44942
-0.17211
0.41874
-0.053547
-0.38991
0.23748
0.28099
-0.37256
-0.1137
0.42914
-0.084956
-0.40103
0.27106
-0.26955
-0.44935
0.48649
0.23264
-0.6141
0.049576
0.61101
-0.34394
-0.46792
0.58299
0.20212
-0.66329
0.11373
0.48919
-0.34465
-0.32625
0.49784
0.095268
-0.54887
0.15621
0.48225
-0.38486
-0.31467
0.53803
0.32119
-1.3652
0.32927
1.2081
-0.9119
-0.76803
1.2809
0.14125
-1.3455
0.5139
1.0808
-1.0448
-0.6249
1.3305
0.059756
-1.3462
0.55817
1.0839
-1.0519
-0.59415
1.3266
-0.022783
-1.3162
0.6418
-0.56872
-1.1041
1.0947
0.57747
-1.3726
0.085634
1.3248
-0.73206
-0.96238
1.1935
0.36685
-1.3928
0.23146
1.3416
-0.81669
-0.9509
1.2452
0.37233
-1.405
0.28077
1.2695
-0.87077
-0.8586
1.2741
0.11762
0.17127
-0.19782
-0.083804
0.23975
-0.028012
-0.22927
0.13763
0.1641
-0.21555
-0.054768
0.23903
-0.10156
-0.18237
0.19875
0.084531
-0.22687
0.0055134
0.21952
-0.094995
-0.18155
0.17016
0.11049
-0.2214
0.27726
0.020154
-0.28892
0.11325
0.23795
-0.22622
-0.13173
0.29022
-0.0070139
-0.28507
0.15438
0.19656
-0.27854
-0.054395
0.30214
-0.082572
-0.26065
0.18847
0.17501
-0.26147
-0.062756
0.28676
-0.063451
-0.26087
0.9363
-0.54168
-0.66467
0.8897
0.20462
-1.005
0.31543
0.84812
-0.75724
-0.45686
1.0052
0.021052
-0.91673
0.016262
0.90637
-0.44314
-0.68669
0.80137
0.27512
-0.95788
0.21438
0.8525
-0.66476
-0.52118
0.71007
-1.2367
-0.086145
1.2835
-0.57106
-0.99923
1.08
0.45214
-1.3096
0.21742
1.2083
-0.66053
-1.0197
0.80594
0.71697
-1.1684
-0.12979
1.2438
-0.50766
-1.0012
1.0185
0.48456
-1.2782
0.16013
0.62041
-0.075101
-0.6389
0.41757
0.47907
-0.7011
-0.14403
0.83523
-0.28275
-0.73915
0.69101
0.37893
-0.57817
-0.050053
0.35328
-0.098233
-0.3582
0.27663
0.26292
-0.44177
-0.075669
0.52883
-0.18423
-0.49065
0.52153
-0.32656
-0.39645
0.58091
0.12057
-0.69782
0.25583
0.62305
-0.61199
-0.33197
0.81774
-0.041273
-0.39619
0.017232
0.2581
-0.14812
-0.23037
0.29392
0.10087
-0.39792
0.10123
0.39707
-0.33375
-0.26423
1.1901
-0.00522
-1.1821
0.61326
0.85704
-1.0536
-0.30478
1.2064
-0.32282
-1.0251
0.85548
0.67406
-0.98953
-0.61489
1.2127
0.068976
-1.2381
0.5584
0.94362
-1.038
-0.41216
1.2388
-0.22628
-1.1185
1.1541
-0.70839
-0.78364
1.1071
0.20518
-1.2062
0.42297
0.97921
-0.92681
-0.48127
1.1667
0.083052
-1.2044
0.079619
1.2191
-0.66781
-0.87013
1.1031
0.30018
-1.2518
0.33684
1.0687
-0.88407
-0.61213
1.0452
-1.3474
-0.37178
1.525
-0.39511
-1.3242
1.0493
0.79253
-1.4377
-0.073939
1.4673
-0.55324
-1.2967
0.82255
1.044
-1.3202
-0.37988
1.5219
-0.38744
-1.3345
1.0596
0.80137
-1.4669
-0.066871
0.047833
-1.3712
0.63199
1.0529
-1.1578
-0.47918
1.3896
-0.2119
-1.2809
0.84434
0.86997
-1.1692
-0.55335
1.3002
0.041055
-1.3294
0.62987
1.0267
-1.1524
-0.45727
1.3877
-0.23863
-1.2764
0.87601
-0.55036
-0.51377
0.80059
0.14045
-0.8814
0.26935
0.7644
-0.63285
-0.48288
0.86255
0.085338
-0.88369
0.28661
0.62276
-0.55299
-0.35486
0.74908
0.0091296
-0.77613
0.36461
0.62163
-0.67328
-0.31359
0.83691
-0.91734
0.17085
0.83853
-0.57757
-0.56652
0.84739
0.16108
-0.92827
0.27358
0.79614
-0.6515
-0.49657
0.75836
0.18842
-0.83151
0.22446
0.74853
-0.59666
-0.47006
0.84174
0.065654
-0.88795
0.36793
0.71875
0.38228
1.3011
-1.0246
-0.81143
1.4397
0.11362
-1.5116
0.63556
1.2172
-1.2463
-0.61488
1.5166
0.04677
-1.4005
0.46936
1.1715
-1.0495
-0.67212
1.3849
0.001884
-1.3997
0.68185
1.0822
-1.2181
1.1562
0.74743
-1.5361
-0.0016131
1.5604
-0.76479
-1.2019
1.3721
0.54057
-1.6577
0.26418
1.5096
-0.74745
-1.146
1.1811
0.58001
-1.4768
0.12796
1.4263
-0.82245
-1.0422
1.3385
0.40313
-1.5507
1.099
0.17548
-1.1811
0.37685
1.006
-0.85078
-0.61104
1.1441
0.075816
-1.1894
0.49034
0.97781
-0.94835
-0.57231
1.2058
-0.0082329
-1.1887
0.57074
0.90532
-0.99306
-0.4303
1.1866
-0.12993
-1.1187
0.9416
-0.54373
-0.69041
0.86133
0.2924
-1.0006
0.16975
0.92797
-0.60467
-0.65428
0.92081
0.22341
-1.0687
0.29779
0.91935
-0.72799
-0.56366
0.98091
0.09792
-1.0137
0.37368
0.82937
-0.75357
-0.4741
-1.2075
1.1706
0.64119
-1.4527
0.050052
1.4141
-0.71074
-1.0648
1.2083
0.48999
-1.434
0.16675
1.523
-0.85285
-1.218
1.4214
0.50666
-1.6336
0.28175
1.4632
-0.96934
-0.9742
1.4097
0.29241
-0.4506
1.5172
-0.26573
-1.37
0.90678
0.93167
-1.3329
-0.2945
1.4642
-0.39614
-1.281
1.0184
0.9968
-1.5658
-0.30252
1.6813
-0.51151
-1.4018
1.1661
0.81752
-1.5287
-0.078596
1.5361
-0.6451
-1.1399
2.0281
0.10521
-2.0802
0.9705
1.5875
-1.7785
-0.66687
2.1187
-0.41978
-1.8977
1.2071
1.5355
-1.3367
-1.1929
1.8968
0.22303
-2.0387
0.82182
1.6376
-1.6697
-0.78846
2.0916
-0.27795
0.11192
2.0935
-1.1843
-1.4832
1.9566
0.48331
-2.1981
0.65273
1.8598
-1.6066
-1.0534
1.9248
0.70862
-2.0048
-0.021294
2.0284
-1.029
-1.53
1.8275
0.60863
-2.1569
0.5005
1.9211
-1.4892
1.8552
-1.0127
-1.3564
1.6705
0.52755
-1.9209
0.41541
1.7005
-1.2426
-1.0727
1.7593
0.27252
-1.8594
0.26966
1.7869
-1.112
-1.2549
1.725
0.41737
-1.9379
0.52396
1.6831
-1.3514
-1.0254
0.91984
-1.9917
0.051985
1.9634
-1.0201
-1.4614
1.7322
0.60422
-2.0184
0.39121
1.8199
-1.1617
-1.4048
1.5863
0.74409
-1.955
0.19553
1.8757
-1.1116
-1.3523
1.7762
0.48995
-2.0286
0.49918
-1.0971
-0.28989
1.2478
-0.31937
-1.0991
0.86429
0.68018
-1.2089
-0.086283
1.2586
-0.54423
-1.0033
0.89274
0.70939
-1.1286
-0.17499
1.2151
-0.40705
-1.0164
0.90268
0.58606
-1.1873
-0.009557
1.2008
-1.2352
0.47228
1.0134
-0.97225
-0.54173
1.2467
-0.070327
-1.2222
0.6749
0.89271
-1.1192
-0.40319
1.2251
0.0061932
-1.1908
0.56243
0.92373
-1.0055
-0.43594
1.2226
-0.15172
-1.1511
0.71418
0.81198
-0.29176
-0.5818
0.57294
0.32088
-0.73747
0.022082
0.74333
-0.37858
-0.58359
0.6662
0.27078
-0.77848
0.068341
0.67551
-0.35431
-0.47522
0.5932
0.20125
-0.69352
0.13113
0.64205
-0.43769
-0.44052
0.65521
-0.68827
-0.30964
0.85075
-0.087948
-0.83217
0.48634
0.62297
-0.80187
-0.25951
0.95254
-0.19972
-0.81642
0.50059
0.5054
-0.6825
-0.16389
0.77895
-0.20248
-0.69219
0.53827
0.44941
-0.76044
-0.095584
0.82187
-0.011342
0.38853
-0.184
-0.28012
0.31697
0.1111
-0.35724
0.07358
0.30808
-0.21971
-0.1817
0.2998
0.18517
-0.45845
-0.055393
0.47544
-0.19358
-0.36659
0.37053
0.16289
-0.44305
0.065749
0.39161
-0.2626
0.22956
0.25037
-0.34502
-0.067373
0.36468
-0.11544
-0.29065
0.25714
0.15493
-0.32
0.0075392
0.34867
-0.047608
-0.46893
0.24096
0.33123
-0.4077
-0.11621
0.44976
-0.11943
-0.37522
0.30308
0.20631
-0.39658
-1.7204
0.97976
1.2297
-1.5992
-0.41448
1.8163
-0.50464
-1.5603
1.3024
0.89893
-1.764
-0.13403
1.7721
-0.14463
-1.7445
0.9445
1.2591
-1.5789
-0.45849
1.8122
-0.45196
-1.5776
1.2539
0.9498
-1.1846
1.5846
0.38353
-1.7733
0.52329
1.5089
-1.2885
-0.84769
1.7202
-0.036468
-1.6991
0.66932
1.5849
-0.99122
-1.2312
1.5774
0.42972
-1.7896
0.47682
1.5494
-1.2533
-0.90768
1.7151
0.044225
-0.61723
0.44953
0.3722
-0.62829
-0.033176
0.63066
-0.29106
-0.45871
0.51909
0.17616
-0.59542
0.06253
0.62611
-0.072244
-0.69908
0.40985
0.47746
-0.65487
-0.13107
0.71729
-0.24175
-0.57847
0.54174
0.28936
-0.3058
0.60159
-0.01474
-0.57493
0.31915
0.39307
-0.51207
-0.11049
0.55201
-0.18253
-0.44706
0.31326
0.5111
-0.40979
-0.41442
0.61955
0.085212
-0.65872
0.26246
0.51504
-0.52706
-0.22704
0.64004
-0.11094
1.095
0.73494
-1.4619
0.0047494
1.4498
-0.73497
-1.0627
1.2659
0.41448
-1.4499
0.32816
1.2984
-0.67972
-1.2134
1.0963
0.71304
-1.4609
0.00071466
1.4615
-0.73349
-1.1048
1.2838
0.4599
-1.5176
1.5202
0.26096
-1.6359
0.56482
1.3339
-1.2243
-0.69518
1.5581
-0.092202
-1.4731
0.82235
1.1703
-1.1072
-1.0156
1.5375
0.26545
-1.6786
0.56322
1.3907
-1.2625
-0.76111
1.6362
-0.06495
-1.5984
0.51453
0.16939
-0.63091
0.16416
0.57166
-0.47431
-0.33339
0.66963
-0.011249
-0.67353
0.36861
0.45937
-0.35255
-0.27129
0.31012
0.14663
-0.43193
0.063536
0.43919
-0.30874
-0.31307
0.50249
0.064414
-0.57204
0.60863
-0.20548
-0.52596
0.50011
0.28108
-0.66619
0.069758
0.65213
-0.4145
-0.44227
0.64424
0.13935
-0.41876
-0.10089
0.39616
-0.094162
-0.39625
0.31424
0.26146
-0.48697
-0.020677
0.53568
-0.26876
-0.42576
0.1353
-0.09536
-0.11021
0.14269
0.070088
-0.17946
-0.0053218
0.20048
-0.07411
-0.18816
0.16096
0.087657
-0.15654
0.16508
0.017514
-0.17678
0.040872
0.14852
-0.085082
-0.11305
0.11681
0.076412
-0.1372
-0.033356
-0.0040559
-0.24498
0.095438
0.20555
-0.1669
-0.14151
0.2196
0.063469
-0.24592
0.025585
0.24078
-0.1932
-0.033677
0.32586
-0.17421
-0.24172
0.26164
0.12046
-0.29415
0.0048706
0.27712
-0.11063
-0.21865
0.19062
-1.1224
-0.31501
1.2447
-0.28759
-1.0696
0.7891
0.65778
-1.0745
-0.12556
1.0861
-0.39884
-0.94437
0.85356
0.81642
-1.3089
-0.21473
1.388
-0.44843
-1.1483
0.98929
0.65578
-1.2814
-0.027617
1.2682
-1.2648
0.32011
1.0802
-0.82574
-0.65569
1.112
0.10624
-1.1262
0.42645
0.87674
-0.83926
-0.56264
1.2175
0.17347
-1.3872
0.48741
1.1321
-1.0178
-0.62587
1.3003
-0.0046255
-1.2716
0.61365
0.95336
-0.035874
1.4672
-0.68224
-1.1066
1.2137
0.49458
-1.4285
0.21658
1.2958
-0.8395
-0.85863
1.2366
0.52632
-1.5452
0.02634
1.5447
-0.78839
-1.1468
1.3409
0.47432
-1.5603
0.2959
1.3944
-0.97639
0.94209
1.0897
-1.4626
-0.34386
1.608
-0.45394
-1.3459
1.1135
0.77172
-1.4616
-0.051181
1.5433
-0.33577
-1.6511
1.0224
1.1464
-1.5858
-0.35415
1.7403
-0.51507
-1.466
1.2336
0.83381
-1.6297
0.15799
-2.9342
1.2768
2.2941
-2.4016
-1.1107
2.9267
-0.33719
-2.746
1.6746
1.9057
-2.5442
-1.035
2.8897
-0.045989
-2.8835
1.4576
2.1817
-2.5205
-0.95266
2.987
-0.50748
-2.7395
1.8446
-1.5677
-2.0752
2.5774
0.80015
-2.9657
0.65392
2.6226
-1.9434
-1.6552
2.7349
0.32199
-2.892
0.59609
2.7442
-1.7356
-1.9189
2.6764
0.62342
-2.9813
0.83013
2.5783
-2.0916
-1.5575
2.8508
-1.0212
-0.89513
1.4571
0.19853
-1.5618
0.55061
1.3
-1.1814
-0.73722
1.5336
-0.0066243
-1.5307
0.63555
1.2141
-1.1331
-0.68118
1.4682
-0.0053783
-1.4734
0.70732
1.1487
-1.26
-0.55494
1.5341
-1.4232
-0.24455
1.5489
-0.50854
-1.3119
1.146
0.75683
-1.5225
-0.023408
1.5335
-0.72485
-1.2058
1.1107
0.77177
-1.421
-0.086505
1.4785
-0.62234
-1.1855
1.2022
0.61371
-1.5076
0.11286
1.4632
-1.3881
-1.9245
2.3227
0.74337
-2.6563
0.58092
2.3209
-1.7272
-1.4379
2.3973
0.21898
-2.5445
0.46539
2.7665
-1.4834
-2.0578
2.5052
0.79586
-2.8618
0.64894
2.5093
-1.8834
-1.5326
2.6226
-2.3579
-0.68076
2.6589
-0.64896
-2.2983
1.7718
1.3787
-2.4337
-0.1646
2.4617
-1.0437
-2.16
1.6602
1.9835
-2.5206
-0.72393
2.8638
-0.70238
-2.4685
1.9314
1.4809
-2.637
-0.14496
2.6749
0.77127
1.1367
-1.3954
-0.46231
1.7058
-0.39695
-1.5679
1.2321
0.99586
-1.7939
-0.10631
1.7415
-0.3818
-1.1157
0.54814
0.85046
-1.0395
-0.37676
1.2973
-0.27446
-1.2353
0.93177
0.82397
-1.4093
1.5356
0.29381
-1.7533
0.5995
1.5273
-1.405
-0.86141
1.9091
-0.083493
-1.9369
1.0491
1.3232
-1.0631
-0.75465
1.1544
0.20581
-1.3449
0.46208
1.1848
-1.0975
-0.68977
1.5126
-0.048182
-1.5645
-1.3865
1.3053
0.71769
-1.6506
0.12555
1.5715
-0.90635
-1.0944
1.4384
0.36407
-1.5993
0.30127
1.535
-0.55028
-1.437
1.2434
0.80202
-1.6647
0.050691
1.6459
-0.89055
-1.1856
1.4986
0.42325
-0.75493
1.6899
-0.10503
-1.613
0.92178
1.1296
-1.4703
-0.37225
1.6292
-0.44822
-1.3889
0.93934
1.2773
-1.2575
-0.84319
1.686
-0.019563
-1.684
0.8844
1.2371
-1.5131
-0.45657
1.7455
-0.43013
-0.21172
-0.70093
0.55515
0.42919
-0.76401
-0.055312
0.78641
-0.32931
-0.62169
0.62656
0.30961
-0.7581
-0.031028
0.76584
-0.26529
-0.64292
0.58308
0.36966
-0.76671
0.001591
0.77326
-0.37838
-0.5927
0.66954
-0.45314
-0.50338
0.70398
0.15849
-0.78557
0.22634
0.67465
-0.55896
-0.40213
0.7545
0.035114
-0.74449
0.19079
0.65572
-0.45266
-0.44013
0.68198
0.11353
-0.74763
0.2551
0.63251
-0.57091
-0.35775
0.7531
-1.552
0.96717
1.0973
-1.5193
-0.3583
1.7161
-0.48723
-1.4957
1.2311
0.89467
-1.6987
-0.11522
1.61
-0.32467
-1.3996
0.99292
0.93777
-1.4568
-0.23132
1.5963
-0.54132
-1.3478
1.2165
0.77423
-1.0552
1.5814
0.287
-1.7379
0.57117
1.4725
-1.3052
-0.8419
1.7281
-0.013237
-1.7445
0.74035
1.3871
-1.0703
-0.90579
1.5265
0.17348
-1.6239
0.62896
1.3405
-1.2903
-0.71549
1.6628
-0.090877
0.79479
0.31873
-0.95335
0.15788
0.8752
-0.59464
-0.57472
0.8846
0.13204
-0.94582
0.34337
0.80845
-0.58282
-0.6674
0.81433
0.29655
-0.96069
0.17841
0.86893
-0.60985
-0.56645
0.88931
0.12398
-0.95057
0.93379
-0.25241
-0.80704
0.65573
0.47977
-0.89407
-0.029072
0.90961
-0.42575
-0.68894
0.7671
0.3974
-0.86996
-0.1736
0.94511
-0.27991
-0.8031
0.67434
0.46542
-0.9038
-0.017853
0.91028
-0.43404
-0.69407
-0.36652
1.0649
-0.1703
-0.94344
0.63748
0.59971
-0.90625
-0.12392
0.93792
-0.33649
-0.73397
0.67454
0.69006
-0.97893
-0.42773
1.1941
-0.18061
-1.0869
0.71531
0.7069
-1.0529
-0.16674
1.1108
-0.38983
0.46674
0.82964
-0.86684
-0.36948
1.033
-0.15403
-0.91857
0.61522
0.5857
-0.8795
-0.13647
0.99266
-0.01512
-1.1814
0.49438
0.93065
-0.95343
-0.44445
1.1564
-0.14144
-1.0651
0.67181
0.7083
-1.0116
0.39612
-0.4421
-0.20596
0.54609
-0.029682
-0.54846
0.27937
0.44573
-0.49228
-0.2385
0.62453
-0.053525
-0.53404
0.36478
0.28286
-0.49504
-0.054282
0.52001
-0.18449
-0.43633
0.38338
0.26593
-0.5041
-0.041575
0.012013
-1.0223
0.46358
0.80816
-0.84122
-0.4219
1.0438
-0.059865
-1.0284
0.54142
0.78869
-0.90356
-0.38347
1.073
-0.12998
-0.99967
0.61352
0.70111
-0.9449
-0.24588
1.0575
-0.25482
-0.93149
0.69368
1.9936
-0.8971
-1.5481
1.6342
0.75019
-1.9857
0.20775
1.8756
-1.1058
-1.3315
1.7501
0.56978
-2.0336
0.099708
2.0396
-1.075
-1.5008
1.7962
0.6098
-2.0825
0.40299
1.8665
-1.308
-1.2236
1.6074
-1.6284
-0.81788
2.0105
-0.14973
-1.9313
1.0733
1.4144
-1.7452
-0.57211
2.0334
-0.29185
-2.0062
1.044
1.557
-1.798
-0.67056
2.1076
-0.36324
-1.9187
1.2856
1.2785
-1.8963
-0.35999
-1.223
2.1609
0.16481
-2.2136
0.9112
1.756
-1.7457
-0.89288
2.1692
-0.15467
-2.0744
1.0794
1.8491
-1.7893
-1.2115
2.3345
0.034779
-2.3331
1.107
1.758
-1.9561
-0.78066
2.3116
-0.35414
0.084154
2.0937
-1.0884
-1.5468
1.8256
0.66168
-2.1266
0.36969
1.945
-1.3007
-1.3197
1.9064
0.77483
-2.3399
0.22193
2.1888
-1.305
-1.527
2.0303
0.51281
-2.2546
0.58887
1.9398
-1.5196
-1.3695
-1.1405
1.9262
0.20257
-2.0273
0.78441
1.6405
-1.5884
-0.86658
2.0017
-0.1207
-1.9526
0.83888
1.6696
-1.4871
-0.96733
1.9637
0.027633
-1.9764
0.93219
1.5331
-1.6748
-0.72194
2.0301
-1.952
0.027685
1.9402
-0.97286
-1.4688
1.6865
0.64309
-2.0033
0.3302
1.8324
-1.2252
-1.307
1.6661
0.73424
-1.965
0.21142
1.8721
-1.1104
-1.3341
1.7613
0.4873
-1.9985
0.48215
1.7697
0.3736
-0.81056
0.053618
0.77392
-0.46515
-0.52665
0.73524
0.13088
-0.80217
0.28935
0.64023
-0.53828
-0.56899
0.56734
0.48685
-0.78745
-0.063493
0.8258
-0.36864
-0.62788
0.69943
0.25652
-0.83244
0.18251
-0.16107
-0.72903
0.54555
0.42792
-0.77371
-0.014607
0.7697
-0.40259
-0.55134
0.69111
0.18736
-0.71968
-0.22276
0.82032
-0.017554
-0.79985
0.44936
0.56463
-0.74417
-0.16549
0.82931
-0.27726
-0.67769
0.6356
-0.3291
-1.7203
1.1591
1.1152
-1.6768
-0.27622
1.7669
-0.59428
-1.4421
1.271
0.78395
-1.6669
-0.3512
2.0944
-0.43559
-1.8829
1.3606
1.187
-1.9099
-0.22159
1.9844
-0.75047
-1.5719
1.5051
-1.4375
-0.94956
1.8647
0.014196
-1.8269
0.87365
1.3495
-1.5154
-0.58454
1.75
-0.2751
-1.7726
0.83008
1.8477
-1.6535
-1.0141
2.1258
-0.045173
-2.0504
1.0569
1.4905
-1.7594
-0.59066
2.0101
0.85657
-0.12231
-0.84379
0.60566
0.55968
-0.94995
-0.053426
1.0384
-0.51259
-0.79029
0.98309
0.33202
-0.69324
-0.27264
0.54512
0.044603
-0.62761
0.29291
0.50686
-0.60817
-0.21041
0.77059
-0.21066
-0.7104
0.63666
-0.64586
-0.32249
0.87996
-0.14522
-0.85707
0.64114
0.56324
-0.98493
-0.036601
1.0545
-0.3349
-0.53011
0.072981
0.44426
-0.31692
-0.31765
0.52502
0.040912
-0.60888
0.29892
0.49425
-0.61195
-0.19326
-1.3904
0.65522
1.07
-1.2173
-0.44571
1.4653
-0.31143
-1.321
0.99782
0.80926
-1.4389
-0.18563
1.3116
0.12207
-1.31
0.49946
1.0724
-1.0593
-0.52937
1.3589
-0.16378
-1.2867
0.84423
0.87131
-0.95653
1.3995
0.23922
-1.5379
0.56631
1.2598
-1.2294
-0.63256
1.5643
-0.18577
-1.4888
0.68535
1.2347
-0.70734
-0.99047
1.2215
0.37018
-1.432
0.38375
1.2625
-1.0462
-0.72521
1.4496
-0.019116
0.6369
-0.97794
-0.21443
1.0929
-0.26524
-0.99782
0.72297
0.70246
-1.0584
-0.23673
1.2078
-0.35881
-0.89372
0.88651
0.32808
-1.0534
0.13412
0.98077
-0.57132
-0.72986
0.88997
0.33941
-1.0445
0.11662
-0.012428
-1.0009
0.4511
0.82042
-0.81767
-0.47412
1.0493
0.022973
-1.0836
0.46619
0.90645
-0.93706
-0.22647
1.028
-0.36208
-0.86986
0.73399
0.53201
-0.96507
-0.10912
1.0063
-0.33029
-0.86373
0.70651
0.10786
2.2899
-1.2088
-1.6689
1.9961
0.68211
-2.2851
0.43639
2.0388
-1.4011
-1.3202
2.0465
0.66382
-2.5348
0.33417
2.3827
-1.4843
-1.6436
2.2534
0.533
-2.4834
0.66929
2.1251
-1.6846
1.3996
1.4179
-2.0582
-0.39817
2.2155
-0.6743
-1.8423
1.555
1.0614
-2.0232
-0.069959
2.1662
-0.6933
-2.1866
1.67
1.3688
-2.3104
-0.24179
2.3895
-0.91654
-1.9151
1.8244
1.005
-2.2809
1.0852
-0.017316
-1.1125
0.59834
0.8388
-1.0497
-0.31442
1.2493
-0.31637
-1.11
0.907
0.68899
-0.87263
-0.46822
0.86568
0.052123
-0.94142
0.43211
0.74443
-0.84815
-0.33369
1.0523
-0.20924
-0.98393
0.9659
-0.67706
-0.6494
1.0373
0.13838
-1.1391
0.44769
0.95093
-0.94089
-0.4876
1.2139
-0.0022697
-0.91201
0.097599
0.79209
-0.51585
-0.56858
0.82898
0.15211
-0.9507
0.33301
0.81287
-0.77215
-0.44556
0.54468
2.2393
-1.6422
-1.4123
2.3297
0.25994
-2.4344
0.94508
1.9568
-1.8917
-1.0119
2.3613
0.29971
-2.5536
0.63001
2.2587
-1.7569
-1.3866
2.4305
0.17385
-2.5074
1.0644
1.9668
-2.0292
1.916
1.3366
-2.5574
-0.062365
2.5727
-1.1994
-1.9552
2.1585
0.88502
-2.5675
0.36148
2.4792
-1.0582
-2.3072
2.0175
1.3124
-2.6688
0.010697
2.6439
-1.3245
-1.9755
2.2923
0.82854
-2.6872
0.17206
-0.23587
-0.084753
0.28439
-0.028888
-0.28733
0.15418
0.23757
-0.2658
-0.13482
0.337
-0.056282
-0.19504
0.234
-0.013548
-0.23234
0.088863
0.19729
-0.15841
-0.1452
0.21283
0.071365
-0.24779
0.019789
0.097056
-0.18358
-0.028539
0.21806
-0.064566
-0.21023
0.16753
0.15403
-0.2526
-0.051143
0.28305
-0.10307
-0.054613
0.11173
-0.066283
-0.090387
0.079514
0.074703
-0.10442
-0.055687
0.13343
0.018276
-0.15882
0.03952
0.26326
-1.0589
0.28602
0.94164
-0.79818
-0.55549
1.1119
-0.014004
-1.1382
0.60831
0.85084
-0.91925
-0.48631
0.67318
0.32105
-0.81614
0.11583
0.8043
-0.56035
-0.54317
0.88183
0.090784
-0.97439
0.4252
-0.41395
-0.77314
0.8353
0.36388
-1.0635
0.17476
1.0084
-0.70861
-0.67504
1.0834
0.14251
-0.99892
0.044951
0.71597
-0.23661
-0.61776
0.59437
0.34343
-0.81829
0.071689
0.82766
-0.51955
-0.59968
0.86171
1.8175
-2.0497
-0.82706
2.4935
-0.40789
-2.3333
1.5794
1.584
-2.3937
-0.40691
2.6448
-0.74088
-2.169
1.1402
1.6394
-1.9031
-0.70861
2.2894
-0.43522
-2.1157
1.4981
1.3948
-2.2279
-0.30908
0.60527
-2.4101
0.58361
2.1508
-1.6654
-1.3528
2.3618
0.19655
-2.4875
1.0491
2.0125
-1.8057
-1.3198
1.9688
0.50279
-2.2325
0.60935
1.9584
-1.6035
-1.1913
2.2173
0.096566
-2.3028
1.045
-0.1925
-0.13122
0.27048
0.006495
-0.29209
0.13673
0.23983
-0.26318
-0.12107
0.33489
-0.039678
-0.28699
0.14922
0.091698
-0.14516
-0.026325
0.17432
-0.042135
-0.1759
0.12486
0.13768
-0.20225
-0.056556
0.24692
-0.23053
-0.019099
0.25904
-0.10988
-0.22436
0.2291
0.12303
-0.30492
0.023047
0.31008
-0.17536
-0.1749
0.16101
0.017618
-0.12317
0.031928
0.13312
-0.092896
-0.11301
0.15765
0.054106
-0.20476
0.037539
0.20817
-1.4225
0.49127
1.209
-1.0921
-0.69114
1.4522
-0.014936
-1.4667
0.74358
1.1185
-1.3044
-0.49061
1.3874
-0.023081
-1.2739
0.59501
1.0085
-1.0859
-0.50577
1.3484
-0.13241
-1.308
0.76816
0.95986
-0.81686
1.3864
0.16064
-1.4774
0.55648
1.2255
-1.1581
-0.66969
1.5004
-0.058973
-1.4693
0.72544
1.1228
-1.1223
-0.60149
1.386
-0.050906
-1.3693
0.69609
1.0491
-1.198
-0.48844
1.4414
-0.19579
-0.71922
0.062463
0.67189
-0.38574
-0.46962
0.60448
0.16889
-0.67497
0.15793
0.58639
-0.43939
-0.43268
0.64347
0.31667
-0.82767
0.076989
0.76686
-0.45893
-0.5177
0.70444
0.15574
-0.76134
0.22369
0.63216
-0.63217
0.47637
0.38532
-0.65191
-0.059354
0.66722
-0.2653
-0.52666
0.51488
0.26552
-0.64256
-0.04615
0.77133
-0.19019
-0.73298
0.54597
0.43756
-0.75141
-0.049864
0.75673
-0.32649
-0.57371
0.60166
0.26324
0.51038
-2.0871
0.51652
1.8176
-1.4175
-1.1179
1.9556
0.14069
-2.027
0.85085
1.593
-1.582
-1.1435
1.932
0.46297
-2.1311
0.60617
1.8292
-1.5035
-1.0752
2.0278
0.067544
-2.0522
0.94264
-0.66779
-1.3703
1.3333
0.70258
-1.6775
0.11951
1.6044
-0.91673
-1.1556
1.4748
0.42459
-1.6903
0.015737
1.7714
-0.74658
-1.379
1.43
0.66824
-1.7451
0.19862
1.6343
-1.0035
-1.1304
1.5499
-1.2605
1.598
0.52191
-1.8921
0.38412
1.7613
-1.2553
-1.2023
1.8827
0.31033
-2.1
0.64899
1.6242
-1.086
-1.0017
1.5396
0.26871
-1.6879
0.54869
1.4546
-1.2558
-0.87192
1.7053
0.071896
-0.19678
1.9434
-0.73917
-1.6211
1.5474
0.90452
-2.0256
0.067122
2.0423
-1.0802
-1.5649
1.7244
0.81389
-1.7944
-0.0046681
1.7894
-0.86879
-1.3764
1.5478
0.64166
-1.8711
0.26034
1.7727
-1.1189
1.5727
1.5305
-2.3209
-0.37518
2.4976
-0.853
-2.0563
1.8666
1.1357
-2.3978
0.059995
2.3976
-0.78734
-2.264
1.6252
1.4881
-2.3802
-0.31657
2.5291
-0.94695
-2.0616
1.965
1.079
-2.4965
2.4051
0.11451
-2.4478
1.0953
1.8987
-2.0178
-0.8892
2.4509
-0.30741
-2.2716
1.4209
1.7345
-1.906
-1.2605
2.4437
0.047753
-2.4776
1.1746
1.8827
-2.1139
-0.83467
2.5189
-0.41845
-2.3053
-0.61608
-0.2164
0.7373
-0.18624
-0.63811
0.53293
0.34603
-0.72554
0.04154
0.69557
-0.4244
-0.50387
0.35887
0.5956
-0.47613
-0.37014
0.69117
0.00083776
-0.69138
0.38576
0.48945
-0.65409
-0.12873
0.73189
-0.736
0.22948
0.61145
-0.56365
-0.30533
0.72727
-0.092253
-0.68134
0.45289
0.42819
-0.67792
-0.21465
0.5684
0.32534
-0.69706
0.045858
0.68387
-0.41626
-0.45241
0.67361
0.088504
-0.72138
0.31113
0.55588
-0.44833
0.83895
0.060102
-0.88827
0.36682
0.73739
-0.73159
-0.40322
0.94862
-0.045146
-0.95148
0.49476
0.64158
-0.65646
-0.28437
0.77922
-0.080308
-0.75484
0.43962
0.56329
-0.7134
-0.23549
0.84276
-0.15757
0.061089
0.83978
-0.46303
-0.6386
0.78464
0.27913
-0.94016
0.16989
0.88426
-0.60483
-0.60408
0.8533
0.18294
-0.78862
0.18949
0.69807
-0.52169
-0.46383
0.75136
0.12002
-0.82206
0.26847
0.71524
-0.61304
-0.32284
-1.6934
1.1546
1.0884
-1.6733
-0.24621
1.7525
-0.62635
-1.415
1.291
0.74091
-1.6376
-0.35412
1.9549
-0.33203
-1.7963
1.2404
1.1745
-1.8098
-0.25352
1.9225
-0.70573
-1.5433
1.466
-1.3247
-0.93164
1.7594
0.043024
-1.7504
0.81315
1.3085
-1.4446
-0.58413
1.6854
-0.25004
-1.6527
0.66755
1.6955
-1.3981
-0.98766
1.8923
0.043948
-1.8904
0.90516
1.4226
-1.6004
-0.60555
1.8803
0.69688
0.83447
-1.096
-0.31321
1.2471
-0.27951
-1.1121
0.80877
0.72636
-1.1496
-0.17916
1.2285
-0.35944
-1.0377
0.81718
0.66635
-1.1385
-0.13362
1.211
-0.43838
-1.0103
0.92205
0.5791
-1.2001
0.8746
0.080713
-0.91995
0.35847
0.75378
-0.71975
-0.41091
0.91798
-0.027181
-0.90372
0.45715
0.67679
-0.72064
-0.33115
0.86287
-0.066191
-0.84151
0.46161
0.63538
-0.76537
-0.28009
0.90806
-0.1461
-0.84523
-0.11809
0.58616
-0.15416
-0.52117
0.40034
0.33668
-0.56212
-0.071913
0.59796
-0.21078
-0.49407
0.45634
0.22558
-0.55584
0.056292
0.52616
-0.28441
-0.40465
0.46357
0.20337
-0.55919
0.045391
0.54631
-0.29448
0.092496
0.61217
-0.38345
-0.44297
0.60032
0.16357
-0.68631
0.16246
0.61384
-0.45636
-0.38857
0.62235
0.023751
-0.56653
0.24767
0.46114
-0.45106
-0.27289
0.58198
0.020313
-0.60553
0.25478
0.50472
-0.49399
-1.0537
-0.36749
1.2513
-0.2755
-1.1228
0.85253
0.68719
-1.2187
-0.071605
1.253
-0.5796
-1.0085
0.7416
0.86296
-0.96214
-0.41198
1.1921
-0.1894
-1.1
0.76197
0.72252
-1.1385
-0.14098
1.2233
-1.2438
0.38773
1.0531
-0.9341
-0.58442
1.2376
-0.052406
-1.2263
0.67472
0.87729
-1.1291
-0.4561
1.0945
0.29118
-1.1904
0.30885
1.0478
-0.84293
-0.6169
1.1714
0.023717
-1.191
0.58996
0.89969
1.1886
0.66453
-1.5036
0.062785
1.4676
-0.76618
-1.093
1.2886
0.47538
-1.5085
0.24927
1.4085
-0.77741
-1.1703
1.2659
0.56485
-1.5474
0.19002
1.4506
-0.90082
-1.0109
1.3889
0.33107
-1.5468
1.6389
-0.37366
-1.4521
1.0671
0.93623
-1.5083
-0.21279
1.6061
-0.54819
-1.3381
1.1824
0.84497
-1.5238
-0.28126
1.6544
-0.52365
-1.4017
1.2033
0.81179
-1.5972
-0.037393
1.6085
-0.74109
-1.2463
-0.26533
0.35445
0.090914
-0.42629
0.13446
0.38386
-0.34954
-0.22446
0.49142
-0.024781
-0.51621
0.22399
0.33416
-0.10306
-0.26365
0.22076
0.14125
-0.31095
0.03585
0.30792
-0.21152
-0.20257
0.3405
0.026989
0.00013798
0.52128
-0.27019
-0.41052
0.5013
0.17557
-0.62256
0.1363
0.58699
-0.45329
-0.3888
0.54039
0.17876
-0.37
-0.043851
0.39748
-0.17414
-0.32318
0.361
0.14948
-0.45949
0.088458
0.44159
-0.32472
-0.73937
1.5352
-0.02661
-1.4899
0.76442
1.0893
-1.2833
-0.43007
1.4756
-0.30648
-1.3017
0.89506
1.1763
-1.3312
-0.78098
1.7013
-0.076753
-1.6328
0.87728
1.1692
-1.4349
-0.4409
1.6256
-0.36433
0.24109
1.3695
-0.91222
-0.88771
1.3403
0.20904
-1.4135
0.50356
1.1383
-1.058
-0.61435
1.3623
0.3677
-1.6489
0.27779
1.4975
-1.0179
-0.96926
1.4775
0.22041
-1.5591
0.55646
1.2569
-1.1664
-2.315
1.1801
1.756
-2.0551
-0.75484
2.4464
-0.44981
-2.2459
1.5623
1.4815
-2.3158
-0.44953
2.3491
-0.23153
-2.1779
1.2472
1.5847
-2.0313
-0.59352
2.345
-0.54974
-2.0903
1.5875
1.3311
-1.4897
2.0491
0.49235
-2.3106
0.64817
2.0103
-1.6518
-1.2112
2.2617
0.089036
-2.3307
0.85947
1.9201
-1.3492
-1.3305
2.0022
0.35707
-2.1912
0.72617
1.8583
-1.6447
-1.0596
2.1871
-0.0061287
