0.065431
-0.0030016
-0.063119
-0.11001
-0.091451
-0.055343
0.0059526
0.030202
0.092081
0.092894
0.092459
0.014444
-0.068889
-0.09815
-0.12323
-0.080188
-0.038667
0.043097
0.1017
0.10911
0.11107
0.055402
0.0010061
-0.087709
-0.14087
-0.12386
-0.080227
-0.023423
0.077341
0.12774
0.12569
0.085668
-0.0021598
-0.088217
-0.13647
-0.050333
-0.010754
0.023093
0.084536
0.088287
0.0023278
-0.020641
-0.051282
-0.058281
-0.055504
-0.038374
-0.0055175
0.0096883
0.031075
0.078598
0.060247
0.0028406
-0.022645
-0.026434
-0.076219
-0.082247
-0.030744
-0.016494
0.0020866
0.046629
0.067272
0.090074
0.033548
0.0076728
-0.054502
-0.075466
-0.060811
-0.058366
-0.0318
0.011541
0.08498
0.080332
-0.084872
-0.084383
-0.051159
-0.021962
0.036242
0.083565
0.11093
0.090967
0.058041
-0.036878
-0.069872
-0.093747
-0.092168
-0.061197
0.0055163
0.051103
0.10927
0.10526
0.086243
0.011474
-0.043807
-0.11796
-0.11686
-0.11504
-0.019795
0.072802
0.12097
0.1084
0.11668
0.034389
-0.035087
-0.10227
-0.12204
-0.10364
-0.041743
0.044235
0.096319
0.0613
-0.0036155
-0.035738
-0.045796
-0.062822
-0.050801
0.015551
0.016393
0.041717
0.059089
0.069796
0.029715
0.01024
-0.025735
-0.046477
-0.075759
-0.030402
-0.017077
0.016272
0.058587
0.066946
0.066619
0.038578
0.030994
-0.0020353
-0.051571
-0.069397
-0.039664
-0.037931
0.0069515
0.053757
0.088123
0.091768
0.051652
0.010758
0.041113
-0.0047375
-0.061744
-0.077472
-0.053602
-0.055683
0.010845
0.076043
0.081135
0.10643
0.066385
0.019404
0.0026639
-0.079579
-0.1003
-0.088046
-0.042581
0.048693
0.082094
0.11364
0.10803
0.075012
-0.01079
-0.073943
-0.12635
-0.090788
-0.056741
0.0059037
0.068408
0.11345
0.12177
0.07879
0.029927
-0.081715
-0.1036
-0.065638
0.011887
0.0554
0.069079
0.039912
-0.027312
-0.030659
-0.044387
-0.065246
-0.056711
-0.018301
0.017662
0.0075756
0.050515
0.040866
0.034048
0.0012149
-0.0087208
-0.014227
-0.054397
-0.046123
-0.038894
0.0050909
0.0095435
0.069481
0.054475
0.048721
0.019239
0.0084468
-0.017346
-0.069841
-0.066853
-0.066303
-0.036743
0.013948
0.057881
0.084959
-0.056986
-0.075287
-0.076578
-0.030624
0.032692
0.072258
0.05458
0.082916
0.078434
-0.0051225
-0.061818
-0.098527
-0.096767
-0.071706
-0.0029257
0.045461
0.097619
0.10419
0.07804
0.040007
-0.069716
-0.11663
-0.10025
-0.072534
-0.024222
0.056711
0.10166
0.1315
0.10451
0.054192
-0.012574
-0.10617
-0.12184
-0.10429
-0.047956
0.037152
0.078824
0.066311
0.0098593
-0.057914
-0.06705
-0.070042
-0.038604
0.011803
0.036824
0.028372
0.048642
0.04583
0.00305
-0.0094652
-0.028075
-0.073059
-0.043488
-0.036708
-0.0047987
-0.0088805
0.032733
0.05721
0.063866
0.044075
0.016327
-0.022633
-0.04091
-0.041274
-0.031855
-0.012633
-0.0031159
0.04144
0.070457
0.059802
0.055486
0.019788
0.050943
-0.017317
-0.052877
-0.06975
-0.069062
-0.053561
-0.0094776
0.038743
0.046063
0.080301
0.066215
0.033827
-0.021363
-0.05313
-0.085101
-0.078932
-0.047614
0.012499
0.081553
0.10475
0.061433
0.049528
-0.031955
-0.075116
-0.086972
-0.087982
-0.060337
0.00023383
0.073275
0.082874
0.13368
0.060504
0.0073924
-0.063433
-0.071956
-0.037334
0.022421
0.044188
0.059415
0.030176
0.0050053
-0.048959
-0.043463
-0.036615
-0.0097931
0.0024867
0.044486
0.037775
0.041465
0.028873
0.035356
-0.0029302
-0.049884
-0.037849
-0.04388
-0.017898
-0.0063076
0.0012598
0.04285
0.057218
0.036279
0.030759
0.045169
-0.0073248
-0.029309
-0.025709
-0.052891
-0.023072
-0.043392
0.021839
0.058066
0.07923
-0.055149
-0.055778
-0.049727
-0.039976
0.0098883
0.043764
0.067236
0.077662
0.032264
-0.020924
-0.063715
-0.080192
-0.048402
-0.084221
-0.020657
0.060875
0.091319
0.084095
0.078079
0.014871
-0.041194
-0.099106
-0.097812
-0.082618
-0.042094
0.039468
0.074474
0.10718
0.092234
0.070613
-0.0046185
-0.10505
-0.064888
-0.059523
0.0049532
0.034867
0.068834
0.023646
-0.0092117
-0.055514
-0.055306
-0.054149
-0.015505
0.041424
0.038304
0.056813
0.027612
0.010654
-0.015455
-0.016096
-0.03095
-0.044628
-0.022581
-0.020634
0.012023
-0.0058118
0.0035822
0.033406
0.031998
0.012555
0.0064413
-0.018885
-0.019048
-0.05573
0.00085326
-0.030952
0.01038
0.03212
0.047108
0.055586
0.0487
0.016347
0.02815
-0.0048046
-0.033628
-0.064179
-0.03382
-0.03348
-0.0025904
0.024289
0.035645
0.059619
0.067255
0.036032
-0.0095487
-0.062697
-0.074138
-0.079435
-0.04411
0.006677
0.038613
0.097585
0.075847
0.053012
0.0071715
-0.065254
-0.10472
-0.092972
-0.078765
-0.008819
0.035109
0.083662
0.092425
0.058664
0.021498
-0.056203
-0.049093
-0.027725
0.013085
0.047615
0.039889
0.012981
-0.022684
-0.069863
-0.061592
-0.029262
0.0043268
0.01008
0.033089
0.036533
0.040316
0.031687
0.020329
-0.020016
-0.033202
-0.025206
-0.062233
-0.024876
-0.0011746
0.012065
-0.00091439
0.01796
0.021062
0.0031447
0.014013
-0.0098481
-0.0043542
-0.030004
-0.019221
-0.045511
-0.0058987
-0.0027979
0.03998
0.024231
-0.040768
-0.044012
-0.035747
-0.048931
-0.0010233
0.041759
0.041653
0.075792
0.026027
-0.0092605
-0.05445
-0.080926
-0.074533
-0.027995
-0.0067498
0.034419
0.059441
0.077131
0.070488
0.023955
-0.044554
-0.072314
-0.079713
-0.093745
-0.041653
0.039985
0.055783
0.097294
0.089188
0.052663
-0.058692
-0.075137
-0.09203
-0.046864
-0.01973
0.028829
0.047995
0.01262
-0.024871
-0.049185
-0.055813
-0.035988
-0.0098706
0.057213
0.05081
0.047491
0.0039263
0.010034
-0.040325
-0.041021
-0.024855
-0.0275
-0.026873
0.004601
0.021294
0.018381
0.025722
0.0093498
-0.0043292
-0.00040864
-0.011444
-0.0019066
-0.033425
-0.022939
-0.023683
-0.017594
0.0054203
0.0106
0.016821
0.028126
0.03045
-0.0041554
0.042882
0.0027505
-0.013849
-0.034319
-0.02003
-0.011797
-0.00081934
0.015204
0.046152
0.045903
0.034422
0.013678
-0.014575
-0.035456
-0.050824
-0.035309
-0.052034
0.0052216
0.03893
0.062285
0.068916
0.033375
0.00063162
-0.040265
-0.054738
-0.065053
-0.03254
-0.00083186
0.04151
0.047571
0.066772
0.059278
0.0016675
-0.030056
-0.03761
-0.0067373
0.027643
0.05249
0.054695
0.020341
-0.056622
-0.087276
-0.077139
-0.030867
-0.02739
0.033582
0.08039
0.030443
0.037385
0.020167
-0.036634
-0.049048
-0.029701
-0.058671
-0.018642
0.002663
0.038627
0.037825
0.010639
0.012077
0.021853
-0.0045334
-0.015657
-0.0072962
-0.012643
-0.0076177
-0.019055
-0.039453
0.0023526
0.011801
0.021025
0.011928
-0.015151
-0.028872
-0.030791
0.00025973
-0.0082622
0.010132
0.040159
0.028386
0.022597
0.019472
-0.027125
-0.049109
-0.058208
-0.042883
-0.011743
0.016691
0.055864
0.056987
0.026909
-0.00093343
-0.0027682
-0.054952
-0.063586
-0.050501
0.00064517
0.014183
0.07038
0.062361
0.067277
0.049747
-0.018071
-0.038461
-0.055192
-0.053508
-0.005906
0.040797
0.042531
0.0067341
-0.043942
-0.066284
-0.056779
-0.027429
0.020626
0.074211
0.036071
0.038353
0.03681
0.0073553
-0.01598
-0.045351
-0.029689
-0.0020289
-0.024853
0.021334
0.038982
0.018476
0.016462
-0.018895
-0.011798
-0.015095
0.0078139
-0.022351
-0.0023395
-0.024305
0.0034693
0.012369
0.0077819
0.0044733
0.027528
0.026887
0.0023006
0.0017613
0.037031
0.010669
-0.02628
-0.0071347
-0.023181
-0.011808
-0.0054245
-0.010213
0.01797
0.045782
0.047265
0.016286
-0.0040847
-0.033683
-0.038657
-0.015665
-0.041088
0.014394
0.011256
0.055779
0.042232
0.041366
-0.001374
-0.0033758
-0.063446
-0.067366
-0.044435
-0.0093122
0.046132
0.062097
0.069531
0.063514
0.041847
-0.026299
-0.0061107
0.016383
0.017012
0.051488
0.04025
0.0053212
-0.077243
-0.10573
-0.04936
-0.03525
-0.002671
0.050175
0.063107
0.069369
0.04518
-1.5882e-05
-0.033237
-0.052508
-0.03894
-0.014769
0.0033128
0.044578
0.01643
0.031512
0.022795
-0.013951
0.0072634
-0.018189
0.0045703
-0.014794
0.011175
-0.0015973
-0.0013394
0.0086274
-0.00052737
-0.019107
0.015262
0.01532
-0.011985
-0.0082134
-0.02615
-0.012441
0.007496
0.0089826
0.040005
0.019308
0.0052137
0.0092185
-0.021632
-0.04075
-0.030697
-0.052756
-0.010685
0.01275
0.036439
0.051429
0.041876
-0.00070878
-0.013169
-0.04589
-0.050979
-0.052572
-0.0088906
-0.0083455
0.05848
0.067862
0.057687
0.051429
-0.0004703
-0.041911
-0.078785
-0.031721
-0.0080798
0.041031
0.026696
-0.006165
-0.072162
-0.078351
-0.064564
-0.020831
0.024873
0.085333
0.050148
0.050263
0.015166
-0.01089
-0.051812
-0.05262
-0.042596
-0.02234
0.037933
0.038585
0.020925
0.051719
0.0062795
-0.0029641
-0.035716
-0.021117
-0.013192
-0.014269
0.024829
0.0029292
0.03849
0.035043
-0.011415
2.4728e-06
-0.022792
0.0069034
0.01043
0.01332
0.019132
0.0027425
-0.0022362
-0.0082546
-0.0093593
-0.0099006
-0.0086502
-0.0045232
0.0027143
0.025247
0.044351
-9.9966e-05
-0.0037676
-0.00031607
-0.022674
-0.027425
-0.030906
-0.0024797
0.013721
0.035349
0.044346
0.036837
0.023359
0.00016943
-0.040994
-0.050482
-0.031226
-0.046802
0.020596
0.0365
0.041633
0.038351
0.012739
-0.012085
-0.0096225
0.045001
0.049343
0.070756
0.016866
-0.026786
-0.049481
-0.10552
-0.073797
-0.017488
0.002972
0.031707
0.076494
0.066204
0.00958
-0.0083903
-0.057651
-0.069654
-0.055257
-0.012266
-0.0058964
0.029824
0.052041
0.021329
0.023794
0.0016168
-0.0050075
-0.039332
-0.036233
-0.013698
-0.014229
0.025188
0.017954
0.020871
0.0073226
-0.00048427
0.007595
-0.014219
0.013348
0.024908
0.0035516
-0.0059657
-0.0039215
-0.026957
0.01719
0.019952
0.012889
0.025446
-0.017486
-0.00022725
-0.043421
-0.036687
0.0025262
0.013395
0.023434
0.029437
0.01912
-0.014678
-0.0019836
-0.0078595
-0.020624
-0.038463
-0.028335
-0.0057438
0.02735
0.04498
0.057597
0.035108
-0.0025465
-0.025526
-0.038413
-0.018178
0.0048073
0.037947
0.01684
-0.026108
-0.099562
-0.085899
-0.057951
-0.0070539
0.036518
0.086728
0.073675
0.034241
0.015887
-0.016631
-0.062324
-0.069395
-0.044459
-0.01082
0.042981
0.049732
0.058822
0.023432
0.013287
-0.007433
-0.042444
-0.053561
-0.018167
0.0040055
0.0044746
0.0010473
0.017626
0.0059331
0.0021638
-0.016919
-0.011181
-0.028544
0.0092323
0.0048289
-0.016419
0.0081192
0.019108
0.030714
0.02806
-0.01676
-0.014821
0.010896
-0.015626
-0.0018161
0.026494
0.024799
0.013519
0.017635
-0.001154
-0.043509
-0.0095676
-0.019778
0.00085808
0.0099821
0.020198
0.031299
0.014906
-0.0092768
-0.025934
-0.028036
-0.034984
-0.0096805
-0.015994
0.031964
0.034027
0.014004
0.020563
0.0031222
-0.0046189
0.014015
0.045829
0.058032
0.031109
-0.025464
-0.078923
-0.12989
-0.11784
-0.045008
0.047227
0.067452
0.11019
0.064945
0.042184
-0.01434
-0.061692
-0.086854
-0.073485
-0.038203
0.022563
0.026334
0.067302
0.05978
0.0086531
-0.010638
-0.040472
-0.045632
-0.010566
-0.0056531
-0.0198
0.020531
0.052237
0.014081
0.023988
-0.020744
-0.028134
-0.022093
-0.0088665
0.045325
-0.0067428
-0.02979
-0.0067047
-0.011804
-0.001412
0.003621
0.0055503
-0.0019113
0.012408
0.0066183
-0.029256
-0.012076
-0.031327
-0.022688
0.028552
0.023576
0.015114
0.029843
0.0014296
0.010776
-0.033152
-0.037445
-0.017315
-0.0052844
-0.023633
0.027252
0.048049
0.033712
0.0004427
-0.01174
-0.030469
-0.0085031
0.0040427
0.024468
0.0051657
-0.039582
-0.10089
-0.091088
-0.066992
0.012352
0.067258
0.097912
0.10973
0.069521
-0.0042329
-0.049196
-0.090632
-0.08419
-0.035798
-0.011783
0.041388
0.069882
0.070015
0.015619
0.00053537
-0.024282
-0.044756
-0.068295
-0.01719
-0.013977
0.017574
0.029594
0.033484
0.0045671
0.014245
-0.016514
-0.04418
-0.030818
-0.0091724
-0.012403
0.0014594
0.027554
0.032454
0.028675
0.037054
-0.0069466
-0.021824
-0.038644
-0.010379
-0.00178
-0.0054408
0.010066
0.025508
0.030715
0.018778
-0.0081472
-0.012918
-0.024828
0.012278
0.017571
0.0039293
0.017952
0.035419
0.0284
-0.0053296
-0.0075568
-0.026492
-0.034358
-0.0026211
-0.024537
0.031977
0.030177
0.006629
-0.015369
0.0025301
0.034527
0.059022
0.057976
0.025467
-0.048331
-0.12564
-0.13721
-0.10902
-0.016073
0.014154
0.10532
0.11132
0.099782
0.021404
-0.02394
-0.085885
-0.10848
-0.080667
-0.026504
0.017178
0.057151
0.09414
0.084271
-0.0016672
-0.015214
-0.051367
-0.10673
-0.043361
-0.022161
0.0070154
0.046764
0.050681
0.028473
-0.00029008
-0.0259
-0.03277
-0.040113
0.050089
0.033928
0.013344
-0.00053104
-0.018072
-0.041571
-0.023689
-0.012574
0.0039988
0.01116
0.037392
0.019922
0.00027529
-0.025587
-0.021997
-0.027888
-0.0013854
0.014613
0.022386
0.020484
0.00068905
-0.033524
-0.014071
-0.023906
-0.012686
-0.022661
0.011887
0.020585
0.033262
0.022027
0.011153
0.017052
-0.023735
-0.00013666
0.0083428
0.0050763
-0.022833
-0.055318
-0.13801
-0.10162
-0.06902
0.0029686
0.07425
0.13479
0.1055
0.055301
-0.017786
-0.068914
-0.12287
-0.094828
-0.044337
0.0025808
0.058286
0.073933
0.075977
0.051381
0.012196
-0.039512
-0.067449
-0.092137
-0.026106
0.012117
0.047865
0.067145
0.039521
0.020759
-0.0027426
-0.03358
-0.042774
-0.055482
-0.015611
0.0038526
-0.0031442
0.013145
0.034549
0.061181
0.026311
0.00080705
-0.0033593
-0.038154
-0.016318
-0.0074924
-0.011753
0.026541
0.043238
0.036289
0.025625
0.0018151
-0.012392
-0.010228
-0.030953
0.0013227
0.0077877
0.028105
0.027131
0.016447
0.013272
-0.0079397
-0.021579
-0.018089
-0.026213
0.0012326
0.021668
0.016331
0.0033546
0.0050864
0.051515
0.038832
0.086873
0.044627
0.0080555
-0.044044
-0.11853
-0.14519
-0.094776
-0.04139
0.0653
0.10401
0.14288
0.076495
0.034219
-0.045333
-0.091655
-0.10793
-0.094225
-0.011039
0.050735
0.06799
0.1023
0.050276
0.0264
-0.02439
-0.091941
-0.085964
-0.062408
0.0067155
0.033168
0.045782
0.088053
0.054288
0.020039
-0.0027751
-0.047478
-0.041838
0.05371
0.055259
0.021587
-0.0077613
-0.015955
-0.039183
-0.032625
-0.032479
0.023359
0.027508
0.040609
0.061502
0.028258
0.0076489
-0.021884
-0.028257
-0.01879
-0.010062
-0.0059284
0.024838
0.031252
0.019967
-0.0082196
-0.012797
-0.0068134
-0.037676
-0.038009
-0.010527
0.035279
0.040676
0.021081
0.011491
0.0052606
0.017275
0.026268
-0.0014166
-0.00064079
-0.098064
-0.1233
-0.11491
-0.062543
-0.01212
0.092399
0.13432
0.10479
0.068138
-0.0061816
-0.10299
-0.10569
-0.10343
-0.069686
0.011994
0.06623
0.11837
0.10905
0.027453
-0.005794
-0.054057
-0.07518
-0.066862
-0.021296
0.0032819
0.046502
0.074885
0.063806
0.044961
0.0066104
-0.017844
-0.031188
-0.066331
-0.020779
-0.0068044
-0.01392
0.038841
0.042151
0.037214
0.059986
0.0075963
-0.0064337
-0.033622
-0.06055
-0.052199
0.006774
0.014042
0.045643
0.047918
0.019209
-0.0029259
-0.018443
-0.035471
-0.031187
-0.021957
-0.0080651
0.0091157
0.030584
0.052712
0.040868
0.0088289
-0.0066182
-0.057749
-0.02981
-0.013418
-0.010795
0.017675
0.018589
0.0031717
0.023783
0.033979
0.094972
0.040246
0.001931
-0.090971
-0.15315
-0.17685
-0.11195
-0.0053063
0.054376
0.14158
0.12897
0.10634
0.032658
-0.025099
-0.10081
-0.14344
-0.08393
-0.020521
0.049284
0.088303
0.1247
0.080973
0.020845
-0.023339
-0.09171
-0.099322
-0.069658
-0.036491
0.018984
0.04504
0.072579
0.05357
0.020384
0.0024476
-0.061753
-0.075392
0.07916
0.06126
0.030699
-0.017052
-0.053385
-0.047761
-0.053846
-0.0189
-0.001625
0.015826
0.052362
0.057823
0.018956
0.010254
-0.017177
-0.032526
-0.046796
-0.023697
-0.0011624
0.018937
0.024825
0.048283
0.019911
-0.0066056
-0.038675
-0.049341
-0.041663
0.0041662
0.019793
0.016243
0.016895
0.024931
0.034127
0.031537
0.025878
0.0093207
-0.0087819
-0.085975
-0.1365
-0.10828
-0.064227
0.0477
0.094548
0.14369
0.095007
0.062696
-0.045859
-0.10912
-0.12676
-0.12085
-0.069657
0.018087
0.098791
0.14813
0.10025
0.059033
0.00060597
-0.07364
-0.10588
-0.090406
-0.069666
0.005535
0.040844
0.072078
0.075925
0.056186
-0.027943
-0.030635
-0.076271
-0.090616
-0.027351
0.01341
-0.021826
0.039563
0.070223
0.05052
0.047588
0.050391
-0.013977
-0.0059391
-0.077446
-0.056814
-0.037319
0.053317
0.052763
0.073628
0.044741
0.023626
-0.020971
-0.056504
-0.065594
-0.050608
-0.021159
0.032036
0.054943
0.045666
0.049129
0.0082189
-0.013685
-0.051622
-0.052508
-0.028083
-0.037269
0.033485
0.024146
0.001814
0.063223
0.080119
0.091536
0.08585
-0.0075745
-0.086905
-0.16277
-0.19537
-0.11096
-0.013625
0.057598
0.16492
0.15164
0.077105
0.018861
-0.082642
-0.14283
-0.14022
-0.08164
-0.038563
0.027707
0.14108
0.11053
0.078502
0.012022
-0.053447
-0.092072
-0.090755
-0.092024
-0.033674
0.028878
0.064283
0.098235
0.088872
0.0031225
-0.0071102
-0.070339
-0.095957
0.077337
0.076503
0.03856
0.012323
-0.040981
-0.068343
-0.073183
-0.033479
0.0046592
0.018753
0.060777
0.069199
0.061125
-0.0019049
-0.0184
-0.049998
-0.023435
-0.056019
-0.038815
0.020583
0.04527
0.0327
0.034551
-0.014259
-0.019389
-0.034561
-0.077186
-0.027057
-0.0062527
0.033079
0.036493
0.062074
0.047895
0.041928
0.01331
0.014178
-0.035781
-0.10353
-0.15244
-0.12064
-0.053257
0.036333
0.14472
0.17904
0.12764
0.082716
-0.024969
-0.11765
-0.16518
-0.11224
-0.041899
0.010347
0.08795
0.11881
0.089788
0.068784
-0.029293
-0.068644
-0.11377
-0.12548
-0.058678
-0.012865
0.080362
0.099783
0.098418
0.067084
-0.017419
-0.064524
-0.095484
-0.1002
-0.052143
-0.011054
-0.035002
0.023009
0.069589
0.11819
0.05115
0.038975
-0.0017885
-0.064784
-0.09217
-0.079492
-0.043636
0.019668
0.048921
0.062955
0.056296
0.040188
-0.016269
-0.060287
-0.06413
-0.036218
-0.015824
-0.001128
0.036128
0.075898
0.047799
0.021995
0.017484
-0.03295
-0.031014
-0.038895
-0.04132
0.0058335
0.04197
0.028182
0.063129
0.081341
0.10535
0.067503
-0.01277
-0.087648
-0.16005
-0.17725
-0.11378
0.014612
0.066087
0.15333
0.14355
0.093329
0.032721
-0.084296
-0.1494
-0.15303
-0.080079
-0.030303
0.073165
0.1287
0.12789
0.094931
0.0088117
-0.0389
-0.092138
-0.13268
-0.10246
0.0019543
0.023354
0.10206
0.095392
0.082123
0.013844
-0.05273
-0.10033
-0.093779
0.087104
0.10969
0.066389
-0.0036595
-0.029833
-0.084808
-0.074685
-0.045839
-0.0063939
0.048513
0.056748
0.092745
0.042799
0.0061492
-0.052908
-0.061359
-0.094334
-0.048274
-0.024091
0.037401
0.057877
0.06972
0.039788
0.022123
-0.02093
-0.071459
-0.058924
-0.038171
-0.012735
0.012742
0.028394
0.062217
0.081575
0.03121
0.027561
-0.019755
-0.06752
-0.13453
-0.15627
-0.11217
-0.048878
0.073285
0.15888
0.1808
0.13899
0.063609
-0.049405
-0.10237
-0.17363
-0.12542
-0.073791
0.015983
0.1315
0.13104
0.13152
0.073521
-0.010825
-0.0879
-0.12816
-0.1075
-0.07241
0.0069195
0.083871
0.086927
0.092721
0.065087
0.030787
-0.056467
-0.10955
-0.12945
-0.065802
0.0026794
-0.026301
-0.00096026
0.093405
0.097405
0.082194
0.034072
-0.027269
-0.087152
-0.093625
-0.075763
-0.039116
0.015545
0.064716
0.095607
0.086986
0.036116
-0.0078416
-0.05837
-0.11435
-0.078312
-0.028165
0.0014895
0.064126
0.067943
0.079922
0.026242
-0.014678
-0.024669
-0.046295
-0.061609
-0.047
-0.011401
-0.019399
0.087706
0.084532
0.11628
0.1254
0.049266
0.030056
-0.12795
-0.16613
-0.16645
-0.10578
-0.010726
0.078814
0.16801
0.15985
0.12297
0.014023
-0.079829
-0.15519
-0.16841
-0.10591
-0.030566
0.040332
0.10989
0.17828
0.10147
-0.0011934
-0.047132
-0.14297
-0.14293
-0.12632
-0.03463
0.042818
0.12546
0.13293
0.10272
0.033861
-0.028382
-0.097859
-0.11543
0.10149
0.1028
0.052154
0.0013202
-0.036074
-0.085153
-0.11119
-0.093867
0.0033756
0.039492
0.063512
0.092593
0.062107
0.029425
-0.024408
-0.062143
-0.070056
-0.024441
-0.021058
0.027561
0.060424
0.072372
0.051264
0.0090881
-0.030819
-0.061768
-0.062345
-0.055775
-0.010217
0.0096128
0.029437
0.10216
0.077372
0.066724
0.036114
-0.0017458
-0.061789
-0.15109
-0.16098
-0.1599
-0.061177
0.068116
0.13199
0.18073
0.14355
0.070318
-0.05194
-0.14116
-0.17575
-0.13183
-0.085837
0.028863
0.12857
0.17254
0.14326
0.089223
-0.024531
-0.09317
-0.16913
-0.13968
-0.093988
0.028635
0.090583
0.13758
0.14572
0.072399
0.0088436
-0.092025
-0.12857
-0.13188
-0.050948
0.0032
