0.01811393
0.0003013665
0.6226023
-0.006625296
-0.01513864
0.03548649
0.005958575
-0.002171593
0.03752432
-0.008425389
-0.009902685
-0.002392473
0.00222736
-0.0008575986
0.02172758
-0.006798154
-0.009322088
-0.01091115
-0.003876677
-0.007487522
-0.01076458
0.01463599
0.007671351
0.01472703
0.0105598
0.0068546
-0.01894023
-0.0131427
-0.0007885705
-0.007026288
0.004490958
-0.0300059
-0.008966855
-0.01616959
0.03573493
0.03835016
-0.02877366
0.5994568
-0.004257341
0.04353083
0.04055652
0.02236381
-0.0008086268
-0.02117398
-0.02067797
-0.03907593
-0.03806716
0.01341684
