0.06543072
-0.003001634
-0.06311911
-0.1100072
-0.09145057
-0.05534287
0.005952592
0.03020204
0.0920812
0.09289415
0.0924592
0.01444413
-0.06888857
-0.09815031
-0.1232328
-0.08018798
-0.03866678
0.04309681
0.1017032
0.1091142
0.1110651
0.05540232
0.001006061
-0.08770872
-0.14087
-0.1238613
-0.08022657
-0.02342271
0.07734122
0.1277368
0.1256862
0.08566821
-0.002159766
-0.088217
-0.1364656
-0.05033337
-0.01075419
0.02309308
0.08453577
0.08828651
0.002327817
-0.0206413
-0.05128233
-0.05828096
-0.0555035
-0.0383735
-0.005517487
0.009688286
0.03107514
0.07859764
0.06024703
0.002840616
-0.0226452
-0.02643355
-0.07621928
-0.08224735
-0.03074405
-0.01649366
0.002086557
0.04662856
0.06727195
0.09007382
0.03354806
0.007672826
-0.05450195
-0.07546609
-0.06081141
-0.05836593
-0.03180036
0.01154102
0.0849801
0.08033226
-0.08487175
-0.08438329
-0.05115946
-0.0219616
0.03624183
0.08356492
0.1109288
0.09096707
0.05804053
-0.03687828
-0.06987167
-0.09374667
-0.09216844
-0.06119661
0.005516253
0.05110258
0.1092733
0.1052584
0.08624288
0.01147414
-0.04380728
-0.1179557
-0.1168576
-0.1150353
-0.01979483
0.07280234
0.120974
0.1083976
0.1166818
0.0343894
-0.03508746
-0.1022665
-0.1220443
-0.1036353
-0.04174265
0.04423467
0.09631883
0.06130021
-0.003615536
-0.03573814
-0.04579611
-0.06282177
-0.05080063
0.01555142
0.01639323
0.04171672
0.05908875
0.069796
0.02971493
0.01023972
-0.02573518
-0.04647658
-0.07575937
-0.03040238
-0.01707748
0.01627234
0.0585868
0.06694619
0.06661856
0.03857768
0.03099358
-0.002035346
-0.05157118
-0.06939738
-0.03966377
-0.03793089
0.006951508
0.05375717
0.08812288
0.09176793
0.05165206
0.01075784
0.0411133
-0.00473754
-0.06174413
-0.07747163
-0.0536023
-0.05568253
0.01084491
0.07604269
0.08113502
0.1064336
0.0663848
0.01940442
0.002663851
-0.07957906
-0.1003007
-0.08804606
-0.04258094
0.04869331
0.08209385
0.1136394
0.1080276
0.07501233
-0.01079038
-0.0739434
-0.1263474
-0.09078775
-0.05674091
0.005903667
0.0684078
0.1134529
0.1217705
0.07878987
0.02992735
-0.0817154
-0.1035974
-0.06563783
0.01188701
0.05539981
0.06907858
0.03991186
-0.02731244
-0.03065919
-0.04438717
-0.06524592
-0.05671117
-0.01830117
0.01766183
0.007575596
0.05051509
0.04086636
0.03404778
0.001214899
-0.008720784
-0.01422716
-0.05439699
-0.04612314
-0.0388941
0.005090897
0.009543467
0.06948096
0.05447463
0.04872118
0.01923854
0.008446781
-0.01734567
-0.06984064
-0.06685254
-0.06630285
-0.03674263
0.01394809
0.05788097
0.08495945
-0.05698604
-0.07528736
-0.07657757
-0.03062402
0.03269241
0.07225796
0.05457968
0.08291555
0.0784344
-0.005122453
-0.06181844
-0.09852656
-0.09676731
-0.07170638
-0.002925728
0.04546105
0.09761914
0.1041898
0.07803971
0.04000688
-0.06971598
-0.1166342
-0.1002458
-0.0725342
-0.02422215
0.0567113
0.101661
0.1315008
0.1045136
0.05419224
-0.01257408
-0.1061682
-0.1218442
-0.1042944
-0.04795605
0.03715152
0.07882382
0.06631105
0.009859345
-0.05791444
-0.06704969
-0.07004221
-0.03860435
0.01180338
0.03682417
0.02837209
0.0486419
0.04583006
0.003049994
-0.009465198
-0.02807504
-0.07305941
-0.04348803
-0.03670814
-0.004798654
-0.00888052
0.03273311
0.05720992
0.06386568
0.04407465
0.01632725
-0.02263266
-0.04091043
-0.04127355
-0.03185459
-0.01263295
-0.003115876
0.04143953
0.07045653
0.05980176
0.05548609
0.01978794
0.05094323
-0.0173166
-0.0528766
-0.06974969
-0.06906243
-0.05356118
-0.009477557
0.0387426
0.04606325
0.08030095
0.06621502
0.03382729
-0.02136266
-0.05313011
-0.08510063
-0.07893196
-0.04761408
0.01249924
0.08155289
0.1047472
0.06143273
0.04952779
-0.0319545
-0.07511585
-0.08697165
-0.08798215
-0.06033684
0.0002338295
0.0732752
0.08287448
0.1336771
0.06050367
0.007392374
-0.06343298
-0.07195646
-0.03733386
0.02242075
0.04418776
0.05941463
0.03017625
0.005005275
-0.0489592
-0.04346339
-0.03661524
-0.009793079
0.002486688
0.04448559
0.03777498
0.04146497
0.02887261
0.03535591
-0.002930244
-0.04988447
-0.03784873
-0.04388024
-0.01789787
-0.006307622
0.001259829
0.04284957
0.05721787
0.03627856
0.03075949
0.04516941
-0.007324795
-0.02930882
-0.02570934
-0.05289053
-0.02307221
-0.04339179
0.02183933
0.05806556
0.07923039
-0.05514946
-0.05577759
-0.04972693
-0.03997551
0.009888326
0.04376415
0.06723559
0.07766183
0.03226383
-0.0209238
-0.06371498
-0.08019171
-0.0484017
-0.0842206
-0.0206571
0.060875
0.09131936
0.08409473
0.07807857
0.01487106
-0.041194
-0.09910574
-0.09781222
-0.08261795
-0.04209444
0.0394684
0.07447354
0.1071792
0.09223364
0.07061297
-0.004618486
-0.1050475
-0.06488788
-0.05952341
0.004953175
0.0348675
0.06883351
0.02364647
-0.009211683
-0.05551371
-0.05530624
-0.05414946
-0.01550463
0.04142432
0.0383045
0.05681258
0.02761152
0.01065406
-0.0154551
-0.01609612
-0.03094956
-0.04462769
-0.02258061
-0.02063427
0.01202343
-0.005811795
0.003582231
0.03340622
0.0319981
0.01255549
0.006441321
-0.0188849
-0.01904759
-0.0557304
0.000853263
-0.03095232
0.01038029
0.03212028
0.04710812
0.0555861
0.04869971
0.01634747
0.02814968
-0.004804589
-0.03362792
-0.06417906
-0.03382015
-0.03348033
-0.002590381
0.02428917
0.03564456
0.05961874
0.06725536
0.03603202
-0.009548663
-0.06269713
-0.0741385
-0.07943493
-0.04411028
0.006676962
0.0386127
0.09758468
0.07584717
0.05301246
0.007171478
-0.06525397
-0.1047175
-0.09297158
-0.0787652
-0.00881902
0.03510925
0.08366211
0.092425
0.05866389
0.02149797
-0.05620308
-0.04909315
-0.02772504
0.01308494
0.04761462
0.03988861
0.01298121
-0.02268385
-0.06986319
-0.06159189
-0.02926229
0.004326802
0.01007962
0.03308911
0.03653276
0.04031584
0.03168679
0.02032902
-0.02001632
-0.03320246
-0.02520572
-0.06223264
-0.02487559
-0.001174581
0.01206519
-0.0009143872
0.01796023
0.02106238
0.003144669
0.01401319
-0.009848119
-0.004354243
-0.03000441
-0.01922085
-0.04551124
-0.005898663
-0.002797913
0.03998049
0.02423109
-0.04076785
-0.0440123
-0.0357472
-0.04893142
-0.001023313
0.04175862
0.04165297
0.07579192
0.02602651
-0.009260546
-0.05444967
-0.08092628
-0.07453291
-0.02799518
-0.00674984
0.03441885
0.05944089
0.07713117
0.07048814
0.02395468
-0.04455369
-0.07231385
-0.07971283
-0.09374469
-0.04165296
0.03998536
0.05578329
0.09729418
0.08918836
0.05266313
-0.05869153
-0.07513654
-0.09203001
-0.04686362
-0.01973041
0.02882868
0.04799458
0.01261993
-0.02487071
-0.04918536
-0.05581322
-0.03598773
-0.009870553
0.05721317
0.05080971
0.04749116
0.003926256
0.01003379
-0.04032458
-0.04102095
-0.02485456
-0.02750039
-0.02687328
0.004600968
0.02129413
0.01838135
0.02572166
0.009349786
-0.004329188
-0.0004086413
-0.01144405
-0.001906647
-0.0334254
-0.02293898
-0.02368293
-0.01759427
0.005420294
0.01060027
0.01682133
0.02812613
0.03045047
-0.004155444
0.04288215
0.002750471
-0.01384869
-0.03431933
-0.02002995
-0.01179717
-0.0008193418
0.01520443
0.04615182
0.04590331
0.03442178
0.01367843
-0.01457535
-0.03545622
-0.05082367
-0.03530921
-0.05203383
0.005221556
0.03893044
0.06228521
0.068916
0.03337524
0.000631616
-0.04026491
-0.05473799
-0.06505284
-0.03253967
-0.0008318586
0.04151006
0.0475714
0.06677152
0.05927772
0.001667463
-0.03005588
-0.03761045
-0.006737305
0.0276429
0.05249019
0.05469482
0.02034142
-0.05662207
-0.08727644
-0.07713922
-0.03086664
-0.02739042
0.03358202
0.08039027
0.0304432
0.03738482
0.02016669
-0.03663377
-0.04904839
-0.02970078
-0.05867087
-0.01864164
0.002662975
0.03862731
0.03782481
0.01063932
0.01207662
0.02185345
-0.004533382
-0.01565653
-0.007296182
-0.01264271
-0.007617667
-0.01905536
-0.03945336
0.002352595
0.01180084
0.02102458
0.01192838
-0.01515147
-0.02887213
-0.03079108
0.0002597289
-0.008262162
0.01013237
0.04015868
0.02838616
0.02259683
0.01947218
-0.02712467
-0.04910904
-0.05820773
-0.04288346
-0.01174292
0.01669142
0.05586376
0.05698708
0.02690852
-0.0009334284
-0.002768161
-0.0549515
-0.06358568
-0.05050104
0.0006451661
0.01418339
0.07037967
0.06236112
0.0672772
0.04974689
-0.01807112
-0.0384608
-0.05519201
-0.05350804
-0.005905977
0.04079686
0.04253113
0.006734117
-0.04394246
-0.06628411
-0.05677938
-0.02742882
0.02062625
0.07421055
0.03607109
0.03835304
0.03680997
0.00735532
-0.01598038
-0.04535131
-0.02968927
-0.002028942
-0.02485274
0.02133413
0.03898224
0.01847635
0.01646173
-0.01889531
-0.0117984
-0.01509523
0.007813942
-0.02235106
-0.002339452
-0.02430454
0.003469343
0.01236919
0.007781945
0.004473286
0.02752754
0.02688739
0.002300609
0.001761326
0.03703091
0.01066937
-0.02628014
-0.007134689
-0.0231815
-0.01180751
-0.005424452
-0.01021293
0.01796985
0.04578165
0.04726506
0.01628576
-0.004084732
-0.03368311
-0.03865721
-0.01566456
-0.04108848
0.01439357
0.01125622
0.05577887
0.04223155
0.04136559
-0.001374019
-0.003375845
-0.06344569
-0.06736555
-0.04443513
-0.009312195
0.04613221
0.06209696
0.06953101
0.06351428
0.04184747
-0.0262994
-0.006110677
0.01638256
0.017012
0.05148807
0.04025005
0.005321197
-0.07724329
-0.1057283
-0.04936013
-0.03525039
-0.002671027
0.05017474
0.06310701
0.06936914
0.04517962
-1.588184e-05
-0.0332374
-0.05250821
-0.03893975
-0.0147687
0.003312831
0.0445779
0.01643025
0.03151234
0.02279532
-0.01395076
0.007263376
-0.01818868
0.004570257
-0.01479444
0.01117529
-0.001597338
-0.001339444
0.008627393
-0.0005273657
-0.01910725
0.01526155
0.01531951
-0.01198525
-0.008213424
-0.02614986
-0.01244101
0.007495955
0.008982605
0.04000514
0.01930824
0.005213698
0.00921852
-0.02163235
-0.04074971
-0.03069651
-0.05275645
-0.01068478
0.0127505
0.03643869
0.05142939
0.04187572
-0.00070878
-0.01316927
-0.0458896
-0.05097931
-0.0525716
-0.008890553
-0.008345528
0.05847958
0.06786198
0.05768653
0.05142937
-0.0004702982
-0.04191112
-0.07878524
-0.03172146
-0.008079831
0.04103119
0.02669581
-0.006164984
-0.07216205
-0.07835069
-0.06456368
-0.0208308
0.02487293
0.08533302
0.05014789
0.05026336
0.01516648
-0.01088958
-0.05181168
-0.05262038
-0.04259615
-0.02234023
0.03793345
0.03858534
0.02092497
0.0517191
0.006279485
-0.002964077
-0.03571646
-0.02111742
-0.0131921
-0.01426907
0.02482896
0.002929183
0.03849008
0.03504265
-0.01141494
2.472763e-06
-0.02279234
0.006903419
0.01042991
0.01332028
0.01913185
0.002742485
-0.002236221
-0.008254563
-0.009359325
-0.009900589
-0.008650229
-0.004523182
0.002714303
0.02524666
0.04435082
-9.996606e-05
-0.003767626
-0.0003160671
-0.02267382
-0.02742497
-0.03090619
-0.002479744
0.01372099
0.03534878
0.04434558
0.03683732
0.02335912
0.0001694293
-0.04099357
-0.05048234
-0.03122642
-0.04680159
0.02059611
0.03649969
0.04163282
0.03835098
0.01273903
-0.01208467
-0.009622454
0.04500121
0.04934312
0.07075594
0.01686564
-0.02678557
-0.04948099
-0.105516
-0.07379728
-0.01748831
0.00297202
0.03170707
0.07649372
0.06620391
0.009579999
-0.008390313
-0.05765115
-0.06965415
-0.05525737
-0.01226628
-0.005896408
0.02982447
0.05204124
0.02132875
0.02379354
0.001616801
-0.005007509
-0.03933175
-0.03623288
-0.01369828
-0.01422932
0.02518842
0.01795386
0.02087108
0.007322568
-0.0004842723
0.007595003
-0.0142193
0.01334777
0.02490818
0.003551561
-0.005965655
-0.003921499
-0.02695677
0.01718965
0.01995222
0.01288922
0.02544573
-0.01748592
-0.0002272468
-0.04342053
-0.03668682
0.002526208
0.01339549
0.02343375
0.02943685
0.0191195
-0.01467799
-0.001983628
-0.007859477
-0.02062405
-0.03846307
-0.02833517
-0.00574375
0.02734965
0.04497961
0.05759694
0.03510841
-0.002546497
-0.02552564
-0.03841318
-0.01817812
0.004807332
0.03794669
0.01684044
-0.02610844
-0.09956235
-0.08589873
-0.05795099
-0.00705391
0.03651751
0.08672766
0.07367512
0.03424103
0.01588712
-0.01663144
-0.06232364
-0.0693949
-0.04445893
-0.01081988
0.04298092
0.04973159
0.05882181
0.02343151
0.01328677
-0.007433
-0.04244376
-0.05356115
-0.01816653
0.004005534
0.004474642
0.001047255
0.01762638
0.005933067
0.002163822
-0.0169191
-0.01118149
-0.02854441
0.009232253
0.004828936
-0.01641895
0.008119164
0.01910759
0.03071429
0.02806031
-0.01675999
-0.0148212
0.01089643
-0.01562612
-0.001816144
0.02649382
0.02479887
0.01351857
0.01763487
-0.001154024
-0.04350906
-0.0095676
-0.01977754
0.00085808
0.009982124
0.02019813
0.031299
0.01490617
-0.009276766
-0.02593426
-0.02803582
-0.03498366
-0.009680527
-0.01599406
0.03196415
0.03402669
0.01400383
0.02056346
0.00312215
-0.004618893
0.01401454
0.04582896
0.05803165
0.03110883
-0.02546381
-0.07892263
-0.129889
-0.1178446
-0.04500845
0.04722689
0.06745189
0.110186
0.06494504
0.0421837
-0.01434042
-0.06169206
-0.08685426
-0.07348508
-0.03820332
0.02256254
0.02633407
0.06730176
0.05977988
0.008653121
-0.01063814
-0.04047201
-0.04563224
-0.01056563
-0.005653109
-0.01980018
0.0205306
0.05223715
0.01408147
0.02398769
-0.02074354
-0.02813395
-0.02209291
-0.008866521
0.04532541
-0.006742784
-0.02978963
-0.006704681
-0.01180424
-0.001412043
0.003621005
0.005550273
-0.001911252
0.01240842
0.006618253
-0.02925564
-0.01207609
-0.03132656
-0.02268754
0.0285517
0.02357574
0.01511362
0.02984304
0.001429621
0.01077644
-0.03315175
-0.03744487
-0.01731461
-0.005284403
-0.02363272
0.02725229
0.04804925
0.03371205
0.0004427014
-0.01173971
-0.03046851
-0.008503088
0.004042683
0.02446807
0.005165749
-0.03958169
-0.1008858
-0.09108753
-0.06699223
0.01235248
0.06725817
0.09791227
0.1097286
0.06952143
-0.004232899
-0.04919635
-0.0906318
-0.08418988
-0.03579793
-0.01178302
0.04138845
0.06988206
0.07001471
0.0156194
0.0005353717
-0.02428228
-0.04475564
-0.06829514
-0.0171896
-0.01397745
0.01757421
0.02959407
0.03348412
0.004567082
0.01424468
-0.01651448
-0.0441804
-0.03081847
-0.009172367
-0.01240326
0.001459387
0.02755424
0.03245432
0.02867451
0.0370543
-0.006946573
-0.02182376
-0.03864434
-0.01037867
-0.001780012
-0.00544076
0.01006556
0.02550787
0.0307152
0.01877787
-0.008147206
-0.01291813
-0.02482788
0.01227767
0.01757108
0.00392934
0.01795222
0.03541918
0.02840001
-0.005329579
-0.007556831
-0.02649173
-0.03435814
-0.002621103
-0.02453672
0.03197657
0.03017678
0.006629
-0.01536918
0.002530051
0.03452739
0.05902217
0.05797599
0.02546662
-0.0483306
-0.1256375
-0.137206
-0.1090224
-0.01607304
0.01415438
0.105323
0.1113179
0.09978194
0.02140409
-0.02393955
-0.08588536
-0.1084798
-0.080667
-0.02650434
0.01717762
0.05715077
0.09413969
0.08427104
-0.00166717
-0.01521431
-0.05136698
-0.1067279
-0.0433614
-0.02216076
0.007015418
0.04676358
0.05068107
0.02847342
-0.000290079
-0.02589959
-0.03276987
-0.04011349
0.05008857
0.03392798
0.01334364
-0.000531039
-0.01807243
-0.04157134
-0.02368867
-0.012574
0.003998766
0.0111604
0.03739198
0.01992234
0.0002752871
-0.02558704
-0.0219969
-0.02788769
-0.001385398
0.01461344
0.02238566
0.02048431
0.0006890499
-0.03352406
-0.01407093
-0.0239062
-0.01268581
-0.02266061
0.01188729
0.02058501
0.03326224
0.02202728
0.0111529
0.01705168
-0.02373542
-0.0001366643
0.008342753
0.0050763
-0.02283256
-0.05531848
-0.1380136
-0.1016153
-0.06901957
0.002968618
0.07424989
0.1347945
0.105505
0.05530145
-0.01778626
-0.06891413
-0.1228667
-0.09482811
-0.04433699
0.00258079
0.05828576
0.07393274
0.07597722
0.05138118
0.01219552
-0.03951212
-0.06744896
-0.09213725
-0.0261063
0.01211741
0.04786528
0.06714503
0.03952073
0.02075867
-0.002742612
-0.03358033
-0.04277367
-0.05548161
-0.01561062
0.003852561
-0.003144238
0.01314541
0.03454895
0.06118131
0.02631135
0.0008070465
-0.003359288
-0.03815396
-0.01631802
-0.007492432
-0.01175282
0.02654132
0.04323803
0.03628895
0.02562495
0.001815069
-0.01239152
-0.01022798
-0.03095286
0.001322706
0.00778768
0.02810462
0.02713065
0.01644705
0.01327225
-0.00793972
-0.02157904
-0.01808855
-0.02621295
0.001232616
0.02166819
0.01633131
0.003354572
0.005086422
0.05151526
0.03883214
0.08687259
0.04462743
0.008055521
-0.04404382
-0.1185303
-0.1451912
-0.09477551
-0.04139001
0.06530018
0.1040055
0.1428805
0.07649492
0.03421948
-0.04533287
-0.09165534
-0.1079297
-0.09422508
-0.01103911
0.05073485
0.06798983
0.1023
0.05027562
0.02640016
-0.02438977
-0.09194085
-0.08596395
-0.06240816
0.0067155
0.03316779
0.04578185
0.08805348
0.05428849
0.02003931
-0.002775097
-0.04747807
-0.04183841
0.05371022
0.05525851
0.02158722
-0.007761325
-0.01595459
-0.03918268
-0.03262491
-0.03247863
0.02335929
0.02750802
0.0406092
0.06150206
0.02825835
0.00764888
-0.02188401
-0.02825727
-0.01878972
-0.01006184
-0.005928433
0.02483802
0.03125178
0.01996704
-0.008219551
-0.01279719
-0.006813403
-0.0376757
-0.03800907
-0.01052729
0.03527882
0.04067597
0.02108079
0.01149106
0.005260631
0.01727479
0.02626825
-0.001416558
-0.0006407906
-0.09806397
-0.1232996
-0.114915
-0.06254307
-0.01212012
0.09239934
0.1343247
0.1047896
0.06813804
-0.006181553
-0.1029863
-0.1056914
-0.1034344
-0.06968588
0.01199447
0.0662301
0.1183743
0.1090502
0.02745261
-0.005794019
-0.05405749
-0.07518029
-0.06686226
-0.02129631
0.003281896
0.04650235
0.07488491
0.06380571
0.04496082
0.006610419
-0.01784397
-0.03118829
-0.06633119
-0.02077897
-0.006804435
-0.01391958
0.0388414
0.04215086
0.03721374
0.05998591
0.007596256
-0.006433739
-0.03362211
-0.06054996
-0.05219912
0.006773957
0.01404205
0.04564306
0.04791778
0.01920905
-0.002925868
-0.01844327
-0.03547098
-0.03118724
-0.02195651
-0.008065126
0.00911573
0.03058415
0.05271213
0.04086777
0.008828941
-0.006618158
-0.05774891
-0.02980967
-0.01341845
-0.01079511
0.01767544
0.01858937
0.003171732
0.02378263
0.03397855
0.09497183
0.04024646
0.00193101
-0.09097127
-0.153145
-0.176851
-0.1119543
-0.005306307
0.05437619
0.1415823
0.1289716
0.1063372
0.03265829
-0.02509863
-0.1008119
-0.1434439
-0.08392994
-0.02052104
0.049284
0.08830342
0.1246965
0.08097269
0.02084491
-0.02333922
-0.09171048
-0.09932242
-0.0696579
-0.03649144
0.01898364
0.04504005
0.07257855
0.05357019
0.02038424
0.002447551
-0.06175279
-0.07539222
0.07916025
0.06125956
0.03069875
-0.01705194
-0.05338548
-0.04776138
-0.05384644
-0.01889961
-0.001625011
0.01582573
0.05236163
0.05782252
0.01895582
0.01025377
-0.0171769
-0.03252598
-0.04679614
-0.02369734
-0.001162361
0.01893713
0.0248247
0.04828266
0.01991123
-0.006605588
-0.03867499
-0.04934101
-0.04166326
0.004166247
0.01979275
0.01624326
0.01689517
0.02493144
0.03412655
0.03153718
0.02587803
0.009320718
-0.00878188
-0.08597469
-0.1364979
-0.1082823
-0.0642275
0.04770027
0.09454826
0.1436863
0.09500693
0.06269561
-0.04585886
-0.1091181
-0.12676
-0.1208483
-0.06965729
0.01808732
0.09879085
0.1481284
0.1002498
0.05903316
0.0006059669
-0.07364008
-0.1058761
-0.09040595
-0.06966617
0.005535005
0.04084386
0.07207824
0.07592475
0.05618586
-0.02794279
-0.03063548
-0.07627111
-0.09061624
-0.027351
0.0134103
-0.02182642
0.0395629
0.0702229
0.05052004
0.04758842
0.05039101
-0.01397721
-0.005939115
-0.07744642
-0.05681368
-0.03731941
0.05331744
0.05276266
0.07362783
0.04474088
0.02362573
-0.02097081
-0.05650357
-0.06559359
-0.05060776
-0.02115881
0.03203593
0.05494263
0.0456663
0.04912851
0.008218928
-0.01368472
-0.05162182
-0.0525081
-0.02808258
-0.03726896
0.03348542
0.02414558
0.001814034
0.06322282
0.08011912
0.09153566
0.08585047
-0.007574501
-0.08690478
-0.1627703
-0.1953747
-0.1109625
-0.01362464
0.05759833
0.1649231
0.1516369
0.07710452
0.01886144
-0.0826422
-0.1428281
-0.1402237
-0.08163985
-0.03856282
0.02770716
0.141075
0.110531
0.07850226
0.0120216
-0.053447
-0.09207183
-0.09075453
-0.09202352
-0.03367433
0.02887844
0.06428318
0.09823541
0.08887196
0.003122478
-0.007110192
-0.07033851
-0.09595727
0.07733686
0.07650334
0.03855968
0.01232298
-0.04098118
-0.06834273
-0.07318293
-0.03347891
0.004659237
0.01875273
0.06077684
0.0691993
0.06112482
-0.001904852
-0.01839961
-0.04999812
-0.02343533
-0.05601946
-0.03881508
0.02058292
0.04526987
0.03269962
0.03455101
-0.01425907
-0.01938854
-0.03456129
-0.07718647
-0.02705703
-0.006252654
0.03307862
0.0364929
0.06207364
0.04789466
0.04192762
0.01331011
0.01417787
-0.03578125
-0.1035268
-0.1524386
-0.1206436
-0.05325727
0.03633284
0.1447209
0.1790371
0.1276361
0.08271638
-0.02496861
-0.117654
-0.1651843
-0.1122362
-0.04189928
0.01034657
0.08794984
0.1188137
0.08978823
0.06878445
-0.02929317
-0.06864423
-0.1137709
-0.1254755
-0.05867806
-0.01286463
0.08036196
0.09978348
0.09841807
0.06708385
-0.01741937
-0.06452358
-0.09548403
-0.1002012
-0.05214253
-0.01105433
-0.03500158
0.0230089
0.0695888
0.1181904
0.05115012
0.03897547
-0.001788463
-0.06478415
-0.09216972
-0.07949239
-0.04363577
0.01966795
0.04892113
0.06295455
0.05629555
0.04018767
-0.01626907
-0.06028675
-0.06413002
-0.03621816
-0.01582433
-0.001128017
0.03612836
0.07589782
0.0477989
0.02199522
0.01748413
-0.03295033
-0.03101384
-0.0388946
-0.04132008
0.005833495
0.04197001
0.02818166
0.06312865
0.08134054
0.1053458
0.06750295
-0.01277036
-0.08764795
-0.1600485
-0.1772486
-0.1137791
0.01461212
0.06608688
0.1533324
0.1435502
0.09332895
0.03272136
-0.08429623
-0.1494019
-0.1530311
-0.08007943
-0.03030348
0.07316524
0.1286994
0.1278885
0.094931
0.008811745
-0.03889994
-0.09213766
-0.132682
-0.1024568
0.001954278
0.02335431
0.1020605
0.09539209
0.08212261
0.0138442
-0.05273038
-0.1003318
-0.09377866
0.08710448
0.1096893
0.06638925
-0.003659476
-0.02983319
-0.0848085
-0.07468544
-0.04583866
-0.006393934
0.04851306
0.05674778
0.09274495
0.04279898
0.006149183
-0.05290765
-0.06135943
-0.09433446
-0.04827377
-0.0240909
0.03740118
0.05787721
0.06972028
0.03978849
0.02212295
-0.02092963
-0.07145872
-0.05892358
-0.03817052
-0.01273522
0.01274194
0.02839355
0.06221668
0.08157543
0.03121029
0.02756122
-0.01975534
-0.06752007
-0.1345264
-0.1562667
-0.1121676
-0.04887819
0.07328495
0.1588832
0.1807996
0.1389868
0.0636091
-0.04940493
-0.1023664
-0.1736337
-0.1254238
-0.07379099
0.01598311
0.1314996
0.1310443
0.1315197
0.07352093
-0.0108254
-0.08790019
-0.1281645
-0.1075018
-0.07240957
0.006919509
0.08387113
0.08692668
0.09272097
0.06508712
0.03078683
-0.05646741
-0.1095475
-0.1294496
-0.06580185
0.002679426
-0.02630129
-0.0009602563
0.09340507
0.09740506
0.08219378
0.03407175
-0.02726925
-0.08715163
-0.09362517
-0.07576326
-0.03911648
0.01554497
0.06471613
0.09560686
0.08698577
0.03611588
-0.007841587
-0.05836982
-0.1143522
-0.07831173
-0.02816472
0.001489485
0.06412575
0.06794318
0.07992201
0.02624181
-0.01467826
-0.02466917
-0.04629542
-0.06160944
-0.04700049
-0.01140066
-0.01939869
0.08770573
0.08453152
0.1162769
0.1253953
0.04926616
0.03005634
-0.12795
-0.1661296
-0.1664456
-0.1057755
-0.01072589
0.07881442
0.1680074
0.1598512
0.1229748
0.01402311
-0.0798295
-0.155188
-0.1684078
-0.1059097
-0.03056642
0.0403324
0.109889
0.1782813
0.1014747
-0.001193379
-0.04713205
-0.142975
-0.1429271
-0.126316
-0.03463024
0.04281753
0.1254581
0.1329336
0.102723
0.03386115
-0.02838242
-0.09785873
-0.115432
0.101494
0.102802
0.0521541
0.001320172
-0.03607388
-0.08515278
-0.1111948
-0.09386719
0.003375596
0.03949213
0.06351243
0.09259263
0.06210697
0.02942537
-0.02440787
-0.06214273
-0.07005591
-0.02444076
-0.02105759
0.02756063
0.06042368
0.07237165
0.0512637
0.009088101
-0.03081875
-0.06176827
-0.06234471
-0.05577498
-0.01021739
0.009612836
0.02943704
0.1021574
0.07737152
0.06672356
0.03611441
-0.001745848
-0.06178941
-0.1510871
-0.1609773
-0.1598996
-0.06117719
0.06811591
0.13199
0.1807344
0.1435499
0.0703185
-0.05194031
-0.1411629
-0.1757522
-0.1318317
-0.08583716
0.02886269
0.1285737
0.1725382
0.1432613
0.08922342
-0.02453133
-0.09317013
-0.1691281
-0.1396791
-0.09398782
0.02863477
0.09058326
0.1375836
0.1457198
0.07239891
0.008843635
-0.09202527
-0.1285682
-0.1318818
-0.05094825
0.003199994
