-0.3004
-0.31034
-0.012549
0.15826
0.00031766
0.028432
-0.076482
-0.13248
-0.056755
0.021785
0.024934
0.099928
-0.30106
-0.209
-0.030842
0.0013453
-0.0029516
0.12907
0.03605
0.16232
0.078206
0.027923
-0.064644
-0.051377
0.036248
0.1179
0.044083
-0.0027258
-0.24236
-0.21641
-0.10798
-0.1701
0.27882
0.24724
0.13599
0.02829
0.03813
0.072649
-0.13986
0.022527
0.045604
0.024927
-0.021188
-0.0018137
-0.29167
-0.25397
-0.04461
-0.082392
-0.10351
-0.21577
0.15654
0.09927
0.0090612
0.041248
0.082164
-0.023815
0.054747
-0.0048686
-0.045761
0.021702
-0.24608
-0.30201
-0.062913
0.035928
-0.21571
-0.1342
0.046056
0.2048
0.04936
0.0090799
0.023313
-0.078874
0.035186
0.092416
0.057413
-0.0087259
-0.2349
-0.23527
-0.081166
-0.10969
0.23831
0.28874
0.1111
0.061861
0.06924
0.055847
-0.12701
-0.0078665
0.058959
0.082059
0.042523
-0.014723
-0.2692
-0.22082
-0.076733
-0.16626
0.13228
0.0089938
0.16523
0.037597
0.015617
0.077652
-0.027361
0.027143
0.053487
-0.015888
-0.079025
0.037007
-0.27366
-0.28553
-0.060744
0.00075153
-0.26352
-0.28207
0.094079
0.18044
0.024188
0.013345
0.10721
-0.050841
0.035742
0.024907
0.013632
0.0045636
-0.2364
-0.28785
-0.071586
-0.027544
0.030255
0.1374
0.054248
0.14158
0.078383
0.032488
-0.077066
-0.065345
0.042447
0.10936
0.045385
-0.018189
-0.24407
-0.21466
-0.10619
-0.16973
0.25842
0.22032
0.1386
0.031214
0.043867
0.084113
-0.11833
0.041629
0.055042
0.029664
-0.044347
0.0079953
-0.28031
-0.24501
-0.068861
-0.091684
-0.13377
-0.2296
0.13434
0.10351
0.015337
0.044392
0.06616
-0.019901
0.048239
-0.0095222
-0.038207
0.0031841
-0.24725
-0.29414
-0.070528
0.0085526
-0.22017
-0.11339
0.047509
0.21728
0.055252
0.0083163
0.0091193
-0.074556
0.026966
0.094801
0.068268
0.020031
-0.23397
-0.22241
-0.079943
-0.097196
0.25366
0.33092
0.11717
0.079449
0.07422
0.061105
-0.13395
0.027259
0.058419
0.091207
0.035484
-0.012464
-0.26848
-0.21001
-0.07484
-0.17231
0.13357
0.0050267
0.18395
0.025852
0.018377
0.072977
-0.01313
0.028566
0.061095
-0.021551
-0.067363
0.013485
-0.26839
-0.29387
-0.059098
0.0073084
-0.30092
-0.3028
0.082963
0.19659
0.026885
0.011144
0.11128
-0.062219
0.029003
0.037407
0.00098446
0.018198
-0.23062
-0.28021
-0.083309
-0.010602
0.021379
0.16299
0.045364
0.15907
0.080326
0.02636
-0.088878
-0.056035
0.03722
0.12357
0.064864
-0.024253
-0.24703
-0.20503
-0.094231
-0.18077
0.28972
0.24967
0.15838
0.018099
0.044299
0.083299
-0.13705
0.040125
0.066121
0.031995
-0.02391
-0.0048487
-0.2783
-0.23878
-0.05247
-0.088451
-0.16288
-0.25461
0.14656
0.12595
0.0044741
0.036066
0.083567
-0.011344
0.050047
-0.0080585
-0.025671
0.039986
-0.24732
-0.29764
-0.050686
0.04757
-0.21095
-0.09225
0.042037
0.22297
0.057427
0.0084289
0.014712
-0.069214
0.033103
0.1145
0.064365
0.010436
-0.23257
-0.21723
-0.087654
-0.11608
0.26905
0.32932
0.10044
0.055369
0.072236
0.068769
-0.15961
0.010785
0.061966
0.092034
0.018267
-0.020775
-0.26937
-0.2082
-0.084474
-0.17401
0.082031
-0.040992
0.18374
0.038441
0.013664
0.067821
-0.0063659
0.039249
0.056162
-0.030971
-0.038269
0.016223
-0.27108
-0.28972
-0.039287
0.0070111
-0.28423
-0.2895
0.081082
0.18602
0.031874
0.011209
0.10275
-0.091489
0.029605
0.048555
0.0032013
0.010893
-0.23207
-0.27098
-0.098071
-0.021706
0.067629
0.17655
0.04872
0.1321
0.079158
0.041426
-0.086362
-0.051894
0.035123
0.12738
0.034929
-0.016916
-0.25685
-0.19546
-0.11377
-0.19662
0.10259
0.12624
0.14477
0.16738
-0.012822
0.054322
-0.21696
0.042103
0.052747
0.033736
0.083236
0.1598
-0.29057
-0.19817
0.11086
0.036325
