-0.13511
-0.35336
-0.44999
-0.39188
-0.19879
0.063501
0.30514
0.44263
0.42777
0.26503
0.010159
-0.24925
-0.42395
-0.45331
-0.32592
-0.084291
0.18876
0.39844
0.47142
0.38162
0.15904
-0.12064
-0.36126
-0.47853
-0.42965
-0.22985
0.052055
0.31833
0.47673
0.47109
0.29923
0.016286
-0.27799
-0.47011
-0.47792
-0.2919
0.013223
0.30966
0.47637
0.45294
0.2589
-0.024722
-0.29344
-0.45597
-0.45998
-0.30585
-0.046897
0.22687
0.41984
0.46538
0.34942
0.11385
-0.15933
-0.37621
-0.46243
-0.38857
-0.18085
0.088008
0.32471
0.44815
0.41686
0.24234
-0.015156
-0.26689
-0.42601
-0.43779
-0.29877
-0.057437
0.20309
0.39358
0.44879
0.34951
-0.43057
-0.28066
-0.034144
0.2243
0.40608
0.44859
0.3365
0.10751
-0.15981
-0.37309
-0.45841
-0.38597
-0.18001
0.089451
0.33005
0.45818
0.42819
0.24915
-0.01767
-0.28026
-0.44783
-0.46168
-0.31515
-0.056958
0.22412
0.42972
0.48723
0.37586
0.13306
-0.15899
-0.39947
-0.5002
-0.41675
-0.17171
0.14407
0.40266
0.49516
0.38405
0.12027
-0.18472
-0.41226
-0.48377
-0.38253
-0.15028
0.13112
0.36554
0.47255
0.41505
0.2137
-0.060144
-0.31073
-0.45208
-0.43683
-0.27131
-0.013043
0.24848
0.42265
0.44967
0.32138
0.083175
-0.1825
-0.38454
-0.45381
-0.36665
-0.15335
0.1121
0.33797
0.4468
0.40179
0.21868
-0.039777
-0.28489
-0.17488
-0.38274
-0.45856
-0.37656
-0.16496
0.10388
0.33779
0.45597
0.41706
0.23403
-0.030198
-0.2847
-0.44195
-0.44747
-0.29828
-0.044612
0.22644
0.42081
0.47054
0.35777
0.12063
-0.16005
-0.38775
-0.48273
-0.41008
-0.19341
0.092499
0.34849
0.48593
0.45605
0.26528
-0.024558
-0.31144
-0.48474
-0.46912
-0.26317
0.051788
0.34497
0.49663
0.4514
0.23615
-0.060859
-0.33035
-0.48059
-0.4635
-0.28689
-0.012103
0.26521
0.44814
0.47359
0.33456
0.081091
-0.19843
-0.40779
-0.47525
-0.37803
-0.15061
0.12729
0.35915
0.46552
0.41095
0.21517
-0.053989
-0.30365
-0.44766
-0.43663
-0.27515
-0.019667
0.24166
0.41929
0.45249
0.32985
-0.4246
-0.25314
0.0052389
0.26162
0.42812
0.44752
0.31266
0.069332
-0.19884
-0.39916
-0.46228
-0.36623
-0.14361
0.12965
0.35984
0.46701
0.41292
0.21517
-0.058371
-0.3133
-0.46152
-0.45114
-0.2841
-0.016366
0.25992
0.44808
0.48165
0.34828
0.093188
-0.19708
-0.42236
-0.49992
-0.39365
-0.1341
0.18306
0.42983
0.50166
0.36813
0.087583
-0.22297
-0.44295
-0.49624
-0.37229
-0.12081
0.16948
0.39918
0.4895
0.40924
0.18711
-0.098169
-0.34676
-0.47332
-0.43569
-0.2481
0.024067
0.28636
0.44789
0.45329
0.30202
0.04763
-0.22167
-0.41346
-0.46218
-0.35145
-0.11991
0.15197
0.37017
0.45991
0.39111
0.18795
-0.079705
-0.31988
-0.21394
-0.41118
-0.4663
-0.36081
-0.13125
0.14364
0.36953
0.46844
0.40582
0.20302
-0.070044
-0.3193
-0.45905
-0.44099
-0.27049
-0.0053276
0.26334
0.44227
0.46896
0.33367
0.082487
-0.19876
-0.41335
-0.48616
-0.39013
-0.15712
0.13233
0.37778
0.49431
0.44053
0.23136
-0.064881
-0.34404
-0.4985
-0.45973
-0.23437
0.089854
0.37937
0.51587
0.44914
0.21321
-0.096548
-0.36635
-0.50418
-0.4662
-0.26763
0.022371
0.30273
0.47542
0.48094
0.31928
0.04852
-0.23681
-0.43837
-0.48715
-0.36696
-0.12043
0.16596
0.39263
0.48193
0.40441
0.18794
-0.092329
-0.33953
-0.46835
-0.43477
-0.25133
0.017731
0.27942
0.44403
0.45541
0.30987
-0.41801
-0.22551
0.044175
0.2981
0.44922
0.44575
0.2886
0.031475
-0.23711
-0.42431
-0.46538
-0.34615
-0.10741
0.16919
0.38872
0.47501
0.3972
0.18125
-0.098505
-0.34548
-0.47435
-0.44006
-0.25301
0.023768
0.29491
0.46557
0.47544
0.32053
0.05366
-0.23443
-0.44436
-0.49894
-0.37026
-0.096742
0.22133
0.45605
0.50732
0.35178
0.055087
-0.26047
-0.47261
-0.50775
-0.36153
-0.09141
0.20718
0.43183
0.50547
0.4028
0.16046
-0.13565
-0.38185
-0.49355
-0.43382
-0.22471
0.060763
0.32339
0.47213
0.45611
0.28235
0.012371
-0.26007
-0.44138
-0.4697
-0.33583
-0.086638
0.19117
0.40142
0.47213
0.37991
0.15725
-0.11907
-0.35397
-0.25243
-0.4389
-0.47342
-0.34476
-0.097664
0.18291
0.40057
0.48026
0.3942
0.17203
-0.10947
-0.35324
-0.47548
-0.43407
-0.24264
0.033625
0.29963
0.46305
0.46687
0.30941
0.044591
-0.23691
-0.43826
-0.48903
-0.36992
-0.12098
0.17166
0.40641
0.50209
0.42469
0.1975
-0.10477
-0.376
-0.5116
-0.44992
-0.20555
0.12751
0.41305
0.53435
0.44633
0.19018
-0.13188
-0.40165
-0.52697
-0.4683
-0.24817
0.056581
0.33961
0.50192
0.48763
0.30371
0.016117
-0.27462
-0.4682
-0.49836
-0.35553
-0.090314
0.20415
0.42539
0.49764
0.39743
0.16067
-0.13027
-0.37472
-0.48832
-0.43239
-0.22739
0.054819
0.31655
0.46805
0.45776
0.28968
-0.41097
-0.19783
0.082744
0.33393
0.46962
0.44347
0.26441
-0.0061042
-0.27479
-0.44875
-0.46792
-0.32584
-0.071399
0.20819
0.41691
0.48241
0.38116
0.14743
-0.13818
-0.37699
-0.48654
-0.42859
-0.2219
0.063521
0.32927
0.48239
0.46877
0.29267
0.014427
-0.27119
-0.4657
-0.49743
-0.34668
-0.059601
0.25903
0.48153
0.51235
0.33515
0.02276
-0.29739
-0.50147
-0.51855
-0.35038
-0.062098
0.24437
0.46372
0.5207
0.3959
0.1338
-0.17271
-0.41621
-0.51303
-0.43143
-0.2012
0.097122
0.35976
0.49561
0.45835
0.26248
-0.022643
-0.29787
-0.46856
-0.47658
-0.31992
-0.053507
0.22983
0.43194
0.48367
0.36834
0.1266
-0.15798
-0.38737
-0.29032
-0.46588
-0.47991
-0.32842
-0.064218
0.22165
0.4309
0.49141
0.3822
0.14108
-0.14846
-0.38649
-0.49122
-0.4267
-0.21473
0.072219
0.33526
0.48312
0.46426
0.285
0.0069628
-0.27447
-0.46248
-0.49132
-0.34948
-0.08501
0.21046
0.43434
0.50926
0.40852
0.16372
-0.14421
-0.40726
-0.52402
-0.43968
-0.17672
0.16474
0.446
0.55205
0.44299
0.16704
-0.16682
-0.43623
-0.54896
-0.4698
-0.22852
0.090506
0.37583
0.52761
0.49366
0.28786
-0.0161
-0.31185
-0.49724
-0.50888
-0.34372
-0.060285
0.24182
0.45739
0.51261
0.39
0.13339
-0.16778
-0.4092
-0.50753
-0.42949
-0.20334
0.091572
0.35302
0.49131
0.45954
0.26928
-0.40348
-0.17012
0.12092
0.36909
0.4893
0.44067
0.24008
-0.043381
-0.31185
-0.47247
-0.46989
-0.30531
-0.035591
0.24663
0.44439
0.48919
0.36482
0.11372
-0.17737
-0.40781
-0.49808
-0.41674
-0.19081
0.10286
0.36297
0.49854
0.46163
0.26474
-0.024483
-0.30734
-0.48634
-0.4954
-0.32292
-0.022708
0.29614
0.50627
0.51675
0.31824
-0.0093776
-0.3337
-0.52953
-0.52863
-0.33885
-0.032885
0.28103
0.49483
0.53518
0.38855
0.10714
-0.20932
-0.44984
-0.53174
-0.42851
-0.1776
0.13312
0.39543
0.51831
0.46
0.24242
-0.057393
-0.33504
-0.49497
-0.48282
-0.30373
-0.020543
0.26794
0.46171
0.49454
0.3564
0.096011
-0.19642
-0.42005
-0.32755
-0.49206
-0.48573
-0.31177
-0.030943
0.25981
0.46043
0.50184
0.36981
0.1102
-0.18695
-0.41898
-0.50622
-0.41885
-0.18678
0.1104
0.37019
0.50243
0.4611
0.26044
-0.030354
-0.31138
-0.48592
-0.493
-0.3288
-0.049251
0.24868
0.46151
0.51575
0.39201
0.13005
-0.18313
-0.43778
-0.53573
-0.429
-0.1479
0.20149
0.47815
0.56892
0.43908
0.14381
-0.20135
-0.47002
-0.57007
-0.47065
-0.20867
0.12411
0.41133
0.55244
0.49898
0.27171
-0.048101
-0.34842
-0.52542
-0.51864
-0.33151
-0.030365
0.27893
0.48857
0.52679
0.38209
0.10611
-0.20482
-0.4429
-0.52594
-0.42604
-0.17918
0.12795
0.38877
0.51375
0.46069
0.24867
-0.39552
-0.14239
0.15865
0.4035
0.5082
0.43732
0.21563
-0.080313
-0.34821
-0.4954
-0.47124
-0.28456
-2.9042e-05
0.28445
0.47109
0.4953
0.34816
0.080149
-0.21601
-0.43786
-0.50891
-0.40447
-0.15976
0.14175
0.39594
0.51394
0.45401
0.23673
-0.063021
-0.34282
-0.50624
-0.49281
-0.299
0.013894
0.33258
0.53019
0.52046
0.30103
-0.041295
-0.36935
-0.55671
-0.53793
-0.32693
-0.0037934
0.31709
0.52508
0.54884
0.38071
0.080493
-0.24542
-0.48265
-0.54961
-0.42503
-0.1539
0.16872
0.43035
0.54017
0.46101
0.22215
-0.09184
-0.37151
-0.52053
-0.48838
-0.28723
0.012226
0.30543
0.49066
0.50467
0.34406
0.065517
-0.23431
-0.45194
-0.36381
-0.51706
-0.4906
-0.29473
0.0020423
0.29709
0.48882
0.51126
0.35688
0.079452
-0.22468
-0.45037
-0.52014
-0.41035
-0.15882
0.14796
0.40407
0.52065
0.45718
0.23572
-0.067175
-0.34731
-0.50825
-0.49383
-0.30781
-0.013845
0.28601
0.48758
0.52132
0.37507
0.09659
-0.22126
-0.46721
-0.54641
-0.41773
-0.11913
0.23751
0.50914
0.58459
0.43437
0.12048
-0.23523
-0.50266
-0.58994
-0.4706
-0.18857
0.15722
0.44577
0.57602
0.50331
0.25517
-0.079757
-0.38404
-0.55238
-0.52733
-0.31878
-0.00063581
0.3152
0.51856
0.53985
0.37352
0.078874
-0.24115
-0.47547
-0.54319
-0.42182
-0.15491
0.16374
0.42345
0.53503
0.46097
0.22781
-0.38691
-0.11469
0.19571
0.43681
0.52597
0.43321
0.19105
-0.11671
-0.38356
-0.51719
-0.47173
-0.26353
0.035135
0.32134
0.49665
0.50047
0.33108
0.046827
-0.25382
-0.46681
-0.51873
-0.39167
-0.12881
0.17992
0.42784
0.5283
0.44572
0.20867
-0.10098
-0.37728
-0.52506
-0.48944
-0.27487
0.050037
0.36804
0.55295
0.52322
0.28344
-0.072866
-0.40402
-0.58262
-0.54613
-0.31446
0.025093
0.35227
0.5541
0.56136
0.3722
0.053895
-0.28077
-0.51428
-0.56629
-0.42076
-0.13009
0.2037
0.46416
0.56083
0.46114
0.20164
-0.12582
-0.40696
-0.54489
-0.49296
-0.27034
0.044675
0.342
0.51842
0.51376
0.3312
0.035192
-0.27141
-0.48268
-0.39934
-0.54121
-0.49479
-0.27741
0.03479
0.33372
0.51636
0.51994
0.34359
0.048835
-0.26183
-0.48094
-0.5333
-0.4014
-0.13088
0.18503
0.43716
0.53806
0.45271
0.21092
-0.10361
-0.38251
-0.52978
-0.49405
-0.28662
0.021273
0.32267
0.51284
0.52621
0.35783
0.063312
-0.25879
-0.49582
-0.55634
-0.40603
-0.09044
0.27298
0.53927
0.59939
0.4291
0.097096
-0.26864
-0.53446
-0.60891
-0.4699
-0.16831
0.18995
0.47943
0.59869
0.50693
0.23836
-0.11114
-0.41895
-0.57844
-0.53525
-0.30568
0.028931
0.35083
0.54767
0.5521
0.3645
0.051686
-0.27693
-0.50719
-0.55961
-0.41705
-0.13058
0.19909
0.45734
0.55545
0.46064
0.20677
-0.37785
-0.087016
0.23224
0.46932
0.54292
0.42857
0.1664
-0.15268
-0.41814
-0.53815
-0.47162
-0.24232
0.069981
0.35753
0.52138
0.50497
0.31372
0.013716
-0.29101
-0.49494
-0.52784
-0.37848
-0.097963
0.21754
0.45895
0.54188
0.43696
0.18061
-0.13848
-0.41099
-0.54309
-0.48553
-0.25064
0.085814
0.40277
0.57484
0.5253
0.26559
-0.10416
-0.43797
-0.60762
-0.55354
-0.30162
0.05381
0.38681
0.58223
0.57304
0.36323
0.027355
-0.31556
-0.54504
-0.58211
-0.41594
-0.10624
0.23822
0.49715
0.5806
0.46065
0.18096
-0.15943
-0.44165
-0.56837
-0.49685
-0.25319
0.076866
0.37788
0.54531
0.5221
0.31798
0.0050161
-0.3079
-0.51258
-0.43411
-0.56447
-0.49828
-0.25984
0.067282
0.36966
0.54303
0.52788
0.32993
0.018363
-0.29838
-0.51066
-0.54566
-0.39199
-0.10298
0.22159
0.46945
0.55465
0.44771
0.18603
-0.13962
-0.41696
-0.55046
-0.49364
-0.26525
0.056081
0.35864
0.53726
0.53042
0.3403
0.03024
-0.2957
-0.52361
-0.56552
-0.39393
-0.06183
0.30788
0.56853
0.61332
0.42327
0.073669
-0.30155
-0.56539
-0.62695
-0.46854
-0.1479
0.22229
0.51228
0.62044
0.50982
0.22129
-0.14224
-0.45312
-0.60359
-0.5424
-0.29222
0.058322
0.38581
0.57588
0.56352
0.35502
0.024561
-0.31216
-0.53806
-0.57517
-0.41174
-0.1062
0.23397
0.49041
0.57499
0.45968
0.18558
-0.36833
-0.059399
0.26824
0.50099
0.55904
0.42338
0.14169
-0.18821
-0.45194
-0.55825
-0.47088
-0.22095
0.10449
0.393
0.54526
0.50878
0.29609
-0.019165
-0.32755
-0.52223
-0.5362
-0.36493
-0.067238
0.25459
0.48924
0.55469
0.42774
0.15256
-0.1755
-0.44392
-0.56031
-0.48107
-0.2263
0.1212
0.43675
0.59587
0.52669
0.24748
-0.13517
-0.47117
-0.63167
-0.56016
-0.28841
0.082344
0.42068
0.60943
0.58388
0.35379
0.00088597
-0.34977
-0.57492
-0.59704
-0.41057
-0.08234
0.27226
0.5293
0.59947
0.45951
0.16013
-0.19266
-0.47556
-0.59094
-0.50003
-0.23578
0.10878
0.41305
0.5713
0.52969
0.3044
-0.024996
-0.34376
-0.5416
-0.4681
-0.58683
-0.50107
-0.242
0.099494
0.40488
0.5688
0.53504
0.31591
-0.011944
-0.3343
-0.5395
-0.55721
-0.38211
-0.07512
0.2576
0.5009
0.57039
0.44215
0.16108
-0.1752
-0.45061
-0.57029
-0.49261
-0.2437
0.090552
0.39388
0.56081
0.53394
0.32249
-0.002603
-0.33194
-0.55052
-0.57392
-0.3814
-0.033323
0.34218
0.59688
0.62634
0.41685
0.050208
-0.33393
-0.59543
-0.64404
-0.46653
-0.12734
0.25421
0.5443
0.64122
0.51198
0.20395
-0.17303
-0.48653
-0.62777
-0.54875
-0.27839
0.087518
0.4201
0.60316
0.5741
0.34506
-0.0024853
-0.34678
-0.56802
-0.58984
-0.40587
-0.081791
0.26836
0.52264
0.59363
0.45808
0.16424
-0.35834
-0.031849
0.30367
0.53178
0.57429
0.41764
0.11693
-0.22327
-0.48492
-0.57748
-0.46951
-0.19942
0.13863
0.4277
0.56824
0.51189
0.27818
-0.051792
-0.36339
-0.54863
-0.54381
-0.351
-0.036655
0.29104
0.51867
0.5667
0.41804
0.12454
-0.212
-0.47603
-0.5767
-0.47605
-0.20187
0.15617
0.46993
0.61598
0.52737
0.22913
-0.16586
-0.5036
-0.65476
-0.56595
-0.27481
0.11068
0.45384
0.63568
0.59386
0.34387
-0.0255
-0.38336
-0.60387
-0.61108
-0.40462
-0.058409
0.30578
0.56058
0.61742
0.45772
0.13916
-0.22548
-0.50866
-0.61258
-0.50249
-0.21811
0.1404
0.44748
0.59637
0.53648
0.29045
-0.054825
-0.37896
-0.56971
-0.50087
-0.60782
-0.5028
-0.2238
0.13125
0.439
0.59321
0.54107
0.30136
-0.041967
-0.36923
-0.56701
-0.56754
-0.37157
-0.047377
0.29276
0.53105
0.58487
0.43579
0.13607
-0.21007
-0.48304
-0.58881
-0.49065
-0.22192
0.12448
0.42798
0.58305
0.53642
0.30429
-0.03506
-0.36716
-0.57611
-0.58116
-0.36828
-0.0050039
0.37554
0.62385
0.63801
0.4096
0.026723
-0.3655
-0.62412
-0.65972
-0.46353
-0.10658
0.28548
0.57505
0.66058
0.51304
0.18626
-0.20332
-0.51877
-0.65053
-0.55391
-0.26404
0.11639
0.45335
0.62904
0.58341
0.33444
-0.029382
-0.38049
-0.59663
-0.60319
-0.39919
-0.057356
0.30197
0.55356
0.61091
0.45554
0.14271
-0.34769
-0.0044348
0.33821
0.56126
0.58825
0.4111
0.092138
-0.25759
-0.51664
-0.59537
-0.46722
-0.17768
0.17218
0.46123
0.58989
0.51396
0.25991
-0.083997
-0.39818
-0.57371
-0.55029
-0.33654
-0.0063256
0.32654
0.5468
0.5775
0.40766
0.096595
-0.2477
-0.50689
-0.59184
-0.47021
-0.17734
0.19048
0.50189
0.63474
0.52701
0.21044
-0.19606
-0.53485
-0.67639
-0.57053
-0.26068
0.13869
0.48593
0.6605
0.60254
0.33326
-0.051732
-0.41601
-0.63143
-0.62376
-0.39784
-0.034458
0.3385
0.59053
0.63398
0.45498
0.11799
-0.25766
-0.54051
-0.63281
-0.50388
-0.20008
0.17155
0.48077
0.62003
0.54212
0.27599
-0.084345
-0.41314
-0.59646
-0.53279
-0.62784
-0.50381
-0.20537
0.16267
0.47233
0.61665
0.54629
0.28647
-0.071766
-0.40345
-0.59357
-0.57703
-0.36057
-0.019738
0.32731
0.56029
0.59845
0.42887
0.11105
-0.24441
-0.51459
-0.60641
-0.48804
-0.20001
0.15799
0.46127
0.60435
0.53818
0.28583
-0.067216
-0.40163
-0.60077
-0.58759
-0.35477
0.023161
0.40823
0.64985
0.64875
0.40178
0.0032389
-0.3965
-0.65185
-0.67441
-0.45986
-0.085708
0.31627
0.6049
0.67892
0.51334
0.16832
-0.23326
-0.55017
-0.67229
-0.55825
-0.24934
0.14502
0.48584
0.65391
0.59184
0.32335
-0.056153
-0.41354
-0.62427
-0.61562
-0.39195
-0.032926
0.33502
0.58357
0.62724
0.45235
0.12106
-0.33659
0.022861
0.37211
0.58979
0.60131
0.404
0.06734
-0.29136
-0.54747
-0.61234
-0.46428
-0.15582
0.2053
0.49393
0.61059
0.51532
0.24139
-0.11588
-0.43219
-0.59783
-0.55598
-0.32173
0.023799
0.36136
0.574
0.58745
0.39683
0.068735
-0.28279
-0.53685
-0.60609
-0.46381
-0.15278
0.22429
0.53299
0.65254
0.52594
0.19152
-0.22589
-0.56526
-0.69699
-0.57427
-0.24619
0.16645
0.51726
0.6843
0.61033
0.32219
-0.077837
-0.44799
-0.65801
-0.6355
-0.39049
-0.010513
0.37065
0.61954
0.64957
0.45157
0.096713
-0.28937
-0.57148
-0.65206
-0.50453
-0.18182
0.20233
0.51324
0.64271
0.54694
0.26118
-0.11363
-0.44658
-0.62223
-0.56382
-0.64688
-0.50408
-0.18672
0.19372
0.50484
0.63911
0.55072
0.27124
-0.10133
-0.43694
-0.61916
-0.58565
-0.34913
0.0077841
0.36121
0.58859
0.61113
0.42141
0.086018
-0.27822
-0.54525
-0.62308
-0.4848
-0.17796
0.19107
0.49372
0.62471
0.53921
0.26714
-0.099054
-0.43533
-0.62447
-0.59322
-0.34086
0.051155
0.44024
0.67487
0.65854
0.39338
-0.020235
-0.4269
-0.67861
-0.68809
-0.45551
-0.064721
0.34657
0.63383
0.69625
0.51289
0.15016
-0.26282
-0.58073
-0.69302
-0.56175
-0.23428
0.17339
0.51756
0.67778
0.59938
0.31181
-0.082787
-0.4459
-0.65093
-0.62712
-0.38415
-0.0085102
0.36748
0.61264
0.64261
0.44852
0.099297
-0.32504
0.050026
0.40534
0.61736
0.61345
0.39636
0.042549
-0.32458
-0.57737
-0.62835
-0.4607
-0.13384
0.23796
0.52576
0.63032
0.51594
0.22264
-0.14742
-0.46541
-0.621
-0.56088
-0.30657
0.053702
0.39546
0.60025
0.59656
0.38553
0.040974
-0.31727
-0.5659
-0.61945
-0.45685
-0.12818
0.25759
0.5632
0.66937
0.52415
0.17239
-0.25535
-0.59481
-0.71657
-0.57716
-0.23134
0.19396
0.54781
0.70709
0.61721
0.31065
-0.10381
-0.47928
-0.68358
-0.64629
-0.38258
0.013418
0.40221
0.64759
0.66417
0.4475
0.075326
-0.3206
-0.60154
-0.67031
-0.50444
-0.16333
0.23275
0.54488
0.66439
0.55096
0.24603
-0.14266
-0.47927
-0.64701
-0.59394
-0.66492
-0.50362
-0.16784
0.2244
0.53651
0.66057
0.55433
0.25568
-0.13063
-0.46967
-0.64376
-0.59341
-0.33723
0.035174
0.39445
0.61594
0.62289
0.41339
0.060995
-0.31146
-0.575
-0.6388
-0.4809
-0.1558
0.2237
0.52531
0.6441
0.53952
0.2482
-0.13056
-0.46823
-0.6472
-0.59802
-0.32656
0.078966
0.47153
0.69888
0.66737
0.38441
-0.043691
-0.45669
-0.70438
-0.70076
-0.45049
-0.04363
0.37636
0.66183
0.71255
0.51167
0.13176
-0.29198
-0.61041
-0.71272
-0.56442
-0.21889
0.20149
0.54849
0.70063
0.60602
0.29981
-0.10927
-0.47757
-0.6766
-0.63767
-0.37579
0.015879
0.39935
0.64075
0.65699
0.44403
0.077441
-0.31304
0.077047
0.43789
0.64395
0.62465
0.38816
0.017779
-0.35721
-0.60634
-0.6434
-0.45647
-0.11176
0.27015
0.55671
0.64908
0.51584
0.20366
-0.17861
-0.49782
-0.64319
-0.56497
-0.29108
0.083368
0.42883
0.62553
0.6048
0.37379
0.013325
-0.35112
-0.594
-0.6319
-0.44933
-0.10356
0.29036
0.5925
0.68521
0.52163
0.15306
-0.2844
-0.6235
-0.73509
-0.5792
-0.21613
0.2212
0.57756
0.72883
0.62318
0.29864
-0.12962
-0.50986
-0.70814
-0.65611
-0.37409
0.037324
0.43316
0.67467
0.67778
0.44277
0.053841
-0.35132
-0.63068
-0.68754
-0.5036
-0.14462
0.26278
0.57566
0.68505
0.55414
0.23055
-0.17142
-0.51118
-0.67079
