0.59628
0.59742
0.15821
-0.40773
-0.022049
-0.53313
-0.64997
-0.43725
-0.59713
-0.35112
0.20725
0.63999
0.31977
0.73071
0.53502
0.17494
0.43151
-0.030265
-0.43833
-0.75548
-0.5591
-0.6649
-0.31738
0.17075
-0.14317
0.34818
0.62243
0.58321
0.61467
0.49392
-0.025
-0.52047
-0.16852
-0.57604
-0.63833
-0.35237
-0.5726
-0.17257
0.30772
0.6679
0.41611
0.71327
0.49943
0.021024
0.36951
-0.096888
-0.53245
-0.68055
-0.52611
-0.69753
-0.32522
0.12458
-0.1686
0.26537
0.54384
0.60108
0.61384
0.55952
0.08827
-0.43924
-0.075097
-0.59414
-0.60817
-0.46184
-0.58195
-0.34258
0.23571
0.68407
0.37595
0.73278
0.53812
0.13044
0.43574
-0.028805
-0.49639
-0.7354
-0.5617
-0.75168
-0.29099
0.23081
-0.1474
0.39202
0.60881
0.66264
0.64147
0.47962
-0.051623
-0.52019
-0.15508
-0.60439
-0.6313
-0.37436
-0.53155
-0.19079
0.33543
0.74333
