-1.098
-0.78619
0.49609
1.4291
0.72913
1.408
0.98014
0.42707
0.77378
0.034151
-0.94881
-1.5651
-1.1504
-1.5489
-0.48768
0.39325
-0.13778
0.75569
1.2017
1.3671
1.2503
1.226
-0.15051
-1.0184
-0.44521
-1.3955
-1.1285
-0.82017
-0.92357
-0.52462
0.65996
1.5328
0.89873
1.6984
0.81313
0.13845
0.51711
-0.23689
-1.1411
-1.5648
-1.2642
-1.3948
-0.15389
0.73652
0.041672
0.92333
1.1675
1.2408
1.0485
1.1079
-0.091472
-0.93744
-0.13742
-1.0733
-1.0301
-0.98813
-1.1048
-0.66832
0.40037
1.256
0.71851
1.4133
0.93387
0.42896
0.64547
-0.096423
-0.93652
-1.4373
-0.99792
-1.4921
-0.46056
0.32203
-0.32568
0.68148
1.2123
1.31
1.1216
1.0266
-0.034342
-1.0769
-0.30883
-1.397
-1.1241
-0.90393
-1.0122
-0.59913
0.72607
1.4032
0.87347
1.5497
0.85031
0.039891
0.50593
-0.24186
-1.1275
-1.4907
