-0.12551
-0.24366
-0.31128
-0.39203
-0.38645
-0.40071
-0.3235
-0.26589
-0.14434
-0.035231
0.087219
0.20891
0.28826
0.379
0.38665
0.41384
0.34681
0.3005
0.1824
0.078892
-0.048368
-0.17222
-0.26313
-0.36295
-0.38457
-0.42439
-0.36849
-0.33372
-0.22003
-0.12284
0.0079457
0.13295
0.23396
0.34206
0.37699
0.42931
0.38524
0.36267
0.25479
0.16497
0.03158
-0.093538
-0.20441
-0.31997
-0.36804
-0.43245
-0.40012
-0.39004
-0.28872
-0.20745
-0.073135
0.05053
0.17011
0.29193
0.35372
0.42961
0.41045
0.41255
0.31876
0.24593
0.11252
-0.0090454
-0.13156
-0.25866
-0.32565
-0.4148
-0.40614
-0.42917
-0.35469
-0.30672
-0.19699
-0.095186
0.013845
0.13764
0.21571
0.32446
0.3509
0.41188
0.37733
0.37125
0.28162
0.20974
0.089811
-0.024265
-0.13487
-0.25167
-0.31253
-0.3905
-0.37802
-0.38913
-0.30741
-0.2478
-0.12678
-0.018065
0.098706
0.21753
0.28886
0.37542
0.37636
0.39982
0.32992
0.28194
0.16573
0.063472
-0.057695
-0.17759
-0.26032
-0.3549
-0.36971
-0.40514
-0.34703
-0.31068
-0.20055
-0.1054
0.017637
0.13768
0.22996
0.33207
0.3606
0.40829
0.3626
0.33877
0.23495
0.14813
0.023209
-0.095558
-0.19703
-0.30528
-0.34722
-0.40624
-0.37376
-0.36235
-0.26686
-0.18892
-0.064209
0.052574
0.16205
0.27601
0.33094
0.40129
0.38177
0.38329
0.29609
0.22813
