-0.35069
-0.38264
1.0929
0.54394
-0.24149
0.49922
0.70828
0.56457
-1.199
0.92992
0.32406
0.34155
-0.47114
1.3373
-0.66735
-0.042875
1.322
0.47585
-1.1891
-1.5821
0.86945
-0.37565
0.061622
1.1468
-0.98196
0.33939
0.36851
0.84659
-0.53509
0.46674
0.50284
-0.94583
0.26025
0.73189
-1.0288
0.81114
-0.052713
-1.24
0.7461
0.81805
-0.25095
0.51045
0.22952
0.2173
-0.44726
0.56314
0.35926
0.06556
-0.84783
0.59543
1.1628
0.09051
-0.73914
0.092109
-0.23602
0.77429
1.0179
0.2731
-0.33213
0.10682
0.46183
0.98283
-1.3106
0.17252
-0.92271
-0.70259
0.56436
0.080099
-1.1702
-0.49105
0.88366
1.0814
0.65174
0.90384
-0.68969
-1.0484
0.13278
-0.72872
-1.3179
1.1138
-0.56608
-1.0634
0.37489
0.60318
-0.19598
-1.3321
-1.056
0.71885
-0.51786
-0.10061
1.3002
0.92135
-0.40911
-0.19607
0.55465
-0.35677
