0.0081032
0.042522
-0.011776
0.020124
0.031191
-0.016028
-0.01904
-0.00042767
-0.031137
-0.013623
-0.031503
0.056104
-0.05414
0.037707
-0.0083925
-0.057911
-0.022369
0.027552
-0.0071436
0.0085748
0.0035202
0.067934
0.026604
-0.010155
0.0061758
0.030951
0.01542
0.019927
-0.016933
-0.013007
0.0021126
0.095299
-0.05752
-0.0096982
-0.025817
-0.070583
0.025242
0.042939
-0.06994
-0.039507
0.085446
0.0067577
0.03318
0.053036
-0.037435
-0.017542
0.018311
0.0049762
0.036315
-0.061115
-0.065561
0.075117
0.078459
-0.087495
0.036462
-0.0019294
-0.03804
-0.052416
0.060866
0.014501
0.01028
0.13959
0.092977
-0.10647
0.0011788
0.076314
-0.041927
-0.026751
0.047802
0.0295
-0.031614
-0.022559
-0.037566
-0.075975
0.040612
0.014979
-0.060426
-0.037555
0.058008
-0.041657
-0.11669
0.10335
0.057273
-0.085056
0.062274
0.018716
-0.14009
-0.066173
0.099057
-0.05428
-0.01648
0.077369
0.058438
-0.08511
-0.031045
0.065982
0.042748
0.045865
0.014947
-0.047691
0.071653
0.042838
-0.0024603
-0.047559
0.090888
0.015607
-0.1269
0.03482
-0.058818
-0.0011945
0.13809
-0.070993
-0.067158
0.12222
0.047438
-0.13864
-0.006521
0.096794
-0.059021
-0.074718
-0.0074173
-0.0616
-0.037469
0.04863
0.069768
-0.018828
-0.039084
-0.014646
-0.031841
-0.01299
0.026822
0.1134
-0.089466
0.14999
-0.03247
-0.1259
0.10241
0.025182
-0.11928
-0.027355
0.069673
-0.071962
-0.024239
-0.00029123
0.069673
0.1143
-0.026658
-0.060558
0.068073
-0.029213
-0.19977
0.037746
0.17684
-0.053942
-0.18127
0.060164
-0.076999
0.054568
0.062773
0.0030578
-0.039285
0.046419
0.067982
-0.054656
-0.0010542
0.047976
0.0035912
-0.062764
0.072037
-0.0071303
-0.086632
0.0050536
0.047955
-0.12324
-0.032738
0.17325
-0.064942
-0.24642
0.073242
0.039686
-0.063222
0.10413
-0.014822
-0.044401
0.053874
0.042175
-0.05678
-0.062839
0.072949
-0.013095
-0.09687
0.021127
-0.027376
0.039351
0.028152
-0.03945
0.0083825
0.099174
-0.083607
-0.092248
0.11318
0.095898
-0.15105
0.027381
0.076504
-0.013093
0.071075
0.0029424
-0.063614
-0.016446
0.0098716
-0.010526
0.0043204
0.010319
0.040684
0.047742
0.069227
0.083916
-0.036685
-0.051609
0.064601
0.0039059
-0.13807
0.041569
0.071768
-0.13646
-0.027824
0.14113
-0.033652
0.097167
0.0040177
-0.056434
0.034624
0.049905
-0.008609
-0.01124
-0.015159
0.049366
0.0091553
-0.054505
0.030633
-0.043119
0.01672
-0.0073008
-0.058212
0.066555
-0.027853
-0.018875
0.062729
-0.01771
-0.090949
0.039277
-0.13217
0.10678
0.10912
-0.18086
0.025972
0.11531
-0.080173
-0.041717
0.10529
0.019058
-0.040167
0.080573
-0.056958
-0.0040571
0.041863
-0.011094
0.034186
0.032369
-0.032292
0.063488
0.030878
-0.10595
-0.038943
-0.0064056
0.051655
0.18178
-0.17216
-0.051782
0.18334
-0.038134
-0.14959
0.037015
0.063525
-0.046495
0.010295
0.014364
0.071765
0.0038746
0.036223
0.035837
-0.0019111
-0.025503
0.032712
-0.025858
-0.01246
0.055984
0.0095944
-0.014729
-0.02672
0.057775
0.043402
-0.0029836
0.016136
0.014782
-0.0058661
-0.027785
0.029489
0.045582
-0.022209
0.0515
-0.086132
-0.010818
0.019734
0.033178
-0.0094985
0.023474
0.014096
-0.0068843
0.048367
0.054943
-0.063328
0.0095649
0.004462
0.0388
-0.045983
-0.014924
-0.021563
-0.0085934
-0.070456
-0.043056
0.029992
-0.031147
0.039032
0.037997
-0.077586
-0.016952
0.067065
0.00036684
-0.06951
0.079264
0.014611
-0.10841
0.05041
0.04586
-0.053985
-0.044566
0.017074
-0.031784
-0.027965
-0.0094449
0.027755
0.024173
-0.03611
0.022028
-0.034332
0.00068755
0.0066377
0.050949
-0.021913
0.03092
-0.03848
-0.053702
0.04229
0.0025966
-0.04646
-0.042433
0.014272
-0.016214
-0.072417
0.07052
-0.0052789
-0.021236
-0.061136
0.016828
0.026111
-0.028167
-0.011446
0.010938
-0.0060931
0.011649
0.049716
-0.047389
0.082775
-0.029383
-0.11422
0.0051308
0.10046
-0.010698
-0.0077838
0.015039
0.00019342
-0.16018
-0.01406
0.12623
-0.00075925
-0.046736
-0.010909
0.048565
-0.069854
0.014193
0.085955
-0.053621
-0.039028
0.073381
-0.01348
-0.095806
0.055978
-0.038427
0.065441
0.098029
-0.03843
-0.071307
0.081109
0.0034941
-0.13872
-0.077692
0.11124
-0.045998
-0.088722
0.097707
0.10432
0.0028726
-0.020404
0.09978
-0.0044612
-0.078034
0.011823
0.046426
-0.11734
-0.023115
-0.0066121
-0.063439
0.066726
0.044324
-0.044327
5.7341e-05
0.056789
-0.038915
-0.072315
0.031291
0.052116
-0.054411
-0.041493
0.031044
0.010149
-0.10937
0.026419
0.04508
-0.10453
0.010153
0.046649
-0.046943
-0.03812
0.1188
-0.094821
0.097048
0.033744
-0.0855
-0.045591
0.097641
-0.010182
-0.081916
0.061985
0.043867
-0.033276
0.042437
0.055611
0.054909
-0.036756
0.065191
0.03177
-0.1385
-0.05087
0.047663
-0.017285
-0.085463
0.063321
-0.0048261
0.075137
-0.010882
-0.037009
0.0094571
0.094627
-0.073516
-0.061339
0.094245
0.042522
-0.064152
0.082573
0.092033
-0.092712
-0.11189
0.11515
0.00047453
-0.10337
0.04229
0.033879
-0.12087
-0.040565
0.14744
0.015711
-0.010171
0.091533
-0.12346
-0.056964
0.034885
-0.010645
-0.064435
0.1272
0.013895
-0.06677
0.017557
0.074621
-0.089816
-0.0066007
0.03833
0.054721
-0.089411
-0.044175
0.022667
-0.050849
-0.024262
0.092752
-0.0033525
-0.082103
0.016571
0.042096
0.11208
-0.049889
-0.1117
0.034816
0.045222
-0.067632
0.0046428
0.063493
-0.046986
-0.030722
0.059557
0.04028
-0.016865
0.003888
0.12093
-0.013484
-0.12988
0.036078
0.057636
-0.076577
-0.030416
0.065819
-0.013663
0.026342
0.011481
-0.077975
0.091867
0.048526
-0.029276
0.029147
0.063755
-0.052296
-0.10255
0.016583
0.058945
-0.041755
0.0017928
0.10322
-0.044749
-0.083398
0.043045
0.060571
-0.093513
-0.041575
0.063282
-0.019799
-0.12838
0.049518
0.0089548
-0.09353
0.094273
-0.035114
-0.00048095
0.036044
0.0062215
-0.019281
0.051181
0.0082817
-0.074915
-0.0075325
0.010434
0.031642
0.0063071
-0.10811
0.047258
0.090644
-0.01203
0.0042776
0.033073
0.021115
-0.082757
-0.015464
-0.081519
0.016637
-0.028544
-0.092627
0.0012497
0.055031
-0.030853
0.025083
0.083884
-0.13648
-0.07161
-0.037797
0.046398
-0.012432
-0.10294
0.0084106
0.15063
-0.014504
-0.033936
0.041501
-0.0027167
-0.053187
0.034483
-0.033249
0.036917
-0.041708
-0.0064545
0.033818
0.13483
-0.045662
-0.090414
0.0046535
0.016617
-0.13345
0.072424
0.078939
-0.088774
0.089068
0.088803
-0.11428
-0.063341
0.077179
-0.02487
-0.057445
0.050225
0.0052921
-0.12329
0.019792
-0.010364
0.0093646
0.053617
0.0872
-0.044143
-0.10586
0.038879
0.0083111
-0.10501
-0.044227
0.15779
-0.11244
0.012058
0.14823
-0.16979
-0.032323
0.14295
0.03434
-0.066059
-0.0082837
0.044755
-0.071706
-0.027386
0.074824
0.073907
0.024422
-0.0056851
-0.047668
0.027237
0.048072
0.017439
-0.042405
0.069532
-0.035147
-0.041756
0.034844
-0.064257
0.064905
0.046904
-0.055036
0.025238
0.093053
-0.042532
-0.070673
0.016015
-0.04259
-0.025725
0.037644
-0.031527
-0.014504
-0.00065794
-0.0074607
0.015274
0.063677
-0.004595
-0.035252
0.019232
-0.037966
-0.02819
-0.0099253
-0.028705
-0.015376
-0.030673
0.013012
0.097555
0.015078
-0.022413
0.0051664
0.03215
-0.0089048
0.012861
0.022701
-0.0050875
0.024504
0.045755
-0.081925
-0.058183
0.020159
-0.0042036
-0.088155
0.010246
0.031444
-0.029832
-0.028079
0.038692
0.045557
-0.032981
-0.026956
0.092411
-0.043502
-0.0048605
0.095825
0.087714
-0.072764
0.041082
-0.066478
-0.071924
0.062003
-0.053284
-0.094228
0.042403
-0.017562
-0.081464
-0.030928
0.066381
-0.078178
-0.038946
0.039578
0.06601
-0.033799
-0.089966
0.032294
0.046067
-0.09837
0.038396
0.060619
-0.077196
-0.049536
0.062019
-0.044163
0.032662
0.074416
0.062468
0.0039203
0.012761
-0.021882
0.023989
-0.00082086
-0.034166
0.042705
-0.095863
-0.056551
-0.0039531
-0.0032525
-0.050211
0.020318
0.093948
0.0083423
0.015482
-0.015172
-0.03121
-0.054926
0.010386
-0.072373
-0.024697
0.037925
-0.049947
-0.0069407
0.047359
0.018953
-0.025251
0.0078454
0.043262
-0.028748
-0.04111
0.043345
-0.012392
-0.081935
0.0344
-0.0012392
-0.07195
-0.079752
0.068152
0.0061676
-0.059727
0.090978
0.032483
0.061611
0.1045
-0.056499
0.014563
0.074812
-0.065854
-0.10389
0.15913
0.086302
-0.13658
0.082466
0.13133
-0.032179
-0.10244
0.026408
0.024912
-0.06766
0.0059425
0.040747
-0.066441
-0.057888
0.074963
0.028179
-0.081545
0.12525
-0.082653
-0.058457
0.045797
-0.067699
-0.085296
0.093242
0.063711
-0.14741
-0.013958
0.047692
-0.01957
-0.055664
0.01622
0.055146
-0.058507
-0.105
0.0805
-0.053164
-0.068789
0.096498
0.11966
-0.064451
0.02583
0.07045
-0.030152
-0.075567
0.049805
0.053767
-0.064836
-0.015861
0.047353
0.016803
-0.016028
0.066804
-0.057489
-0.010829
-0.052793
0.045086
0.072439
-0.076832
0.0035974
0.098827
0.014189
-0.057909
0.096483
0.0012216
-0.11178
0.0051734
-0.036977
0.0096631
0.049467
-0.013185
0.0017847
-0.012296
-0.057133
-0.043687
0.06158
0.026972
-0.010837
-0.026845
-0.00053379
0.11932
-0.087617
-0.071939
0.084789
0.035193
-0.05997
0.020595
0.05326
-0.01597
-0.013828
-0.0062804
-0.029686
0.022447
0.05916
-0.047469
-0.043236
0.11224
-0.055694
-0.053469
0.050945
-0.0087635
-0.10668
-0.01111
0.049612
0.026241
0.0085612
-0.031224
-0.00010098
0.016361
-0.09452
0.028493
-0.0015425
-0.057563
0.017957
-0.034132
-0.026895
0.010654
-0.097059
-0.10293
0.12245
-0.040234
-0.12621
0.10416
0.026855
-0.12633
0.041284
0.03842
0.050251
-0.030363
-0.0034831
-0.013591
-0.043513
-0.054393
-0.0021985
0.059135
-0.04382
0.023419
0.010902
0.055864
-0.031467
0.037663
0.044653
0.0024054
-0.015809
0.030029
0.020975
-0.022968
0.035639
-0.0038203
-0.042845
-0.068039
0.057897
-0.016232
0.015427
0.0019886
0.051863
-0.013209
-0.052067
0.056716
0.0025273
-0.021062
-0.024693
-0.023831
0.02827
0.010118
-0.06216
0.011149
0.060984
0.04698
-0.058301
-0.0042605
0.0057199
-0.037989
-0.038146
0.049893
0.029258
-0.026761
0.012831
0.07092
-0.016146
-0.00011148
0.037605
-0.016418
-0.022189
0.022061
0.035052
0.02589
-0.066212
-0.0062866
0.040185
0.0040005
0.012976
0.013875
-0.024827
0.02118
0.03929
-0.014163
0.003368
0.035091
0.00039919
-0.10739
-0.0074932
0.099858
-0.028602
-0.071532
0.055647
0.021681
-0.056144
-0.019005
0.021496
0.0047499
0.10206
0.018073
-0.020105
0.039696
0.01173
-0.090871
-0.0055807
0.071222
-0.0051363
0.010071
0.012272
0.020106
-0.020847
-0.054294
0.093848
0.0083969
-0.074985
0.076711
0.038353
-0.029275
-0.047911
-0.017811
-0.044752
0.036421
0.060269
-0.023295
-0.03789
-0.02888
-0.0056051
0.0081915
0.0012655
0.067964
-0.06154
-0.078938
0.024856
-0.0060926
-0.093551
-0.044077
0.038899
-0.021607
-0.019446
0.04264
0.018955
-0.0083395
0.006037
0.055074
-0.068073
0.032805
-0.037223
-0.067474
0.018882
0.0057528
-0.10708
0.0036191
0.026501
-0.012688
-0.065954
-0.0048074
-0.022665
-0.12162
-0.017131
0.023494
-0.04116
-0.080116
-0.0014193
0.071125
-0.012711
0.062165
0.058231
-0.0062854
-0.041199
-0.046143
0.0071018
0.10388
-0.091242
-0.057188
0.10568
0.067209
-0.10742
0.039916
0.035953
-0.019512
-0.052895
0.022089
-0.030718
-0.08835
0.088277
0.0058447
-0.11572
-0.063155
0.05206
-0.048639
-0.035576
0.0096701
0.10345
-0.044972
0.028033
-0.029065
-0.091988
0.041061
0.031391
-0.076312
0.080672
0.078727
-0.0062001
-0.063945
0.030348
0.041589
-0.13415
0.030231
0.079643
0.016662
-0.028511
0.10955
0.065488
-0.036876
0.076632
0.022496
0.005081
0.084024
0.013109
-0.049455
0.02271
0.046857
-0.057224
-0.061208
0.075774
0.077175
-0.015967
0.017731
0.083385
-0.021106
0.056127
-0.0075304
-0.05949
0.024379
0.027843
0.028543
-0.03741
0.024827
0.03649
0.017028
-0.031774
-0.0089175
-0.02781
0.016158
0.025991
-0.0024897
0.0122
0.0204
0.023291
-0.078209
0.0098363
0.080755
0.0014706
-0.008327
0.010942
-0.035364
0.024795
0.040588
0.036025
0.024729
0.0089845
0.060842
0.017231
-0.014873
-0.031463
0.039889
-0.045177
0.012229
0.083369
0.0048115
-0.046002
0.02129
0.086485
-0.034871
-0.037516
-0.020465
-0.035533
-0.024632
0.11982
-0.026526
-0.10623
0.034418
0.057846
-0.043872
0.016066
0.068274
-0.0087098
-0.020235
-0.0082004
-0.060238
-0.040309
0.01478
0.02765
-0.10883
0.046948
0.095254
-0.040527
-0.017591
0.043997
-0.031267
-0.049396
0.0065391
0.057501
-0.028147
0.056685
0.069296
-0.025138
-0.050904
0.046883
0.030549
0.010426
0.0076035
0.053678
0.10125
0.033634
-0.046636
0.036796
0.013126
-0.1084
-0.036594
0.0016392
-0.037995
-0.076403
0.03219
0.040075
-0.068345
-0.018242
0.10822
-0.0067804
-0.13326
0.022435
-0.0040365
-0.10692
-0.028129
0.040239
-0.013644
-0.023934
0.042196
-0.0056596
0.027922
-0.0089553
-0.042694
-0.021165
0.0032835
0.026286
-0.030929
-0.029479
-0.047566
-0.026879
-0.056482
0.12331
0.0454
-0.098066
0.041527
0.080374
-0.088935
-0.050094
0.080092
0.040507
-0.054499
0.02513
-0.013507
0.057106
-0.033031
-0.10644
0.043584
0.060919
-0.085799
-0.002939
0.088127
-0.07191
-0.094191
0.052854
-0.037827
-0.10859
-0.0037807
0.043684
-0.0096185
-0.010933
0.093836
0.014741
-0.075463
-0.034297
0.061341
-0.018027
0.059202
-0.038929
-0.044461
0.049965
0.032022
-0.06758
0.013517
0.080224
-0.053103
-0.09783
0.10804
0.0083066
-0.074024
0.0035579
0.015336
-0.031547
-0.04942
0.081596
0.027989
-0.023264
0.055301
0.11447
-0.045275
-0.090823
-0.0057083
-0.014965
-0.031864
0.01315
-0.039699
-0.0095218
-0.05106
0.025084
0.025514
-0.02165
-0.0050453
0.012581
-0.022749
0.062413
0.03887
-0.094044
0.027127
0.059564
-0.041924
0.0034181
0.065758
-0.011662
-0.051583
-0.029093
-0.036533
-0.037878
-0.019726
0.02271
-0.071058
-0.047678
0.026414
0.048384
-0.044847
-0.017964
0.065959
-0.0314
0.019282
0.017513
-0.17718
0.01703
0.088985
-0.041318
-0.047024
0.055993
0.042497
-0.049157
-0.029173
0.0034293
0.04557
-0.062343
-0.082465
0.081419
0.018647
-0.040332
-0.030765
0.080154
-0.066927
-0.095601
0.074038
0.016281
-0.079799
0.070543
0.074562
-0.094077
-0.0038464
0.050546
-0.079921
-0.044638
0.029451
0.053706
-0.077222
-0.032244
-0.023778
-0.13392
0.09156
0.044183
-0.058849
-0.037081
0.10267
-0.013566
-0.11286
0.098276
0.094368
-0.10773
0.092729
0.069755
-0.12463
-0.032916
0.00071771
-0.061316
-0.069563
0.029797
0.080213
-0.049964
-0.03593
0.053541
-0.015855
-0.038721
0.06201
0.016496
-0.10253
0.011245
-0.020869
-0.065348
0.044207
0.018802
-0.0094196
-0.029722
-0.032909
0.00046932
-0.00093702
-0.093009
-0.01173
0.034527
0.008858
0.0065335
0.0011918
-0.034393
-0.021074
-0.015182
-0.043484
-0.0082285
-3.3775e-05
-0.020788
0.038475
0.033473
-0.064799
-0.072807
0.074457
-0.0084799
-0.014663
0.034255
-0.019435
0.01524
-0.0084849
0.0026936
-0.030721
0.038524
-0.0073368
-0.034263
0.025141
0.039076
0.067405
-0.023153
0.056376
0.062421
-0.04594
0.024068
0.086959
-0.021913
-0.061817
0.038645
-0.0062692
-0.016392
-0.06758
0.051623
-0.12546
-0.08675
0.19038
0.054164
-0.095898
0.033176
0.087875
-0.11517
-0.026133
0.088561
0.045715
-0.029912
0.0096473
-0.11739
-0.071809
0.099373
-0.012705
-0.098571
-0.0033178
0.013261
-0.080337
-0.0013255
0.060402
0.012012
-0.045694
0.13285
-0.010282
-0.15731
-0.010087
0.047286
-0.059215
-0.02868
0.075767
0.010694
-0.087629
-0.043079
0.044345
0.014821
-0.029227
-0.035448
0.020801
0.00069551
-0.002004
0.064047
-0.022028
0.0079644
0.0027544
-0.014495
-0.031181
-0.085855
0.022349
0.049243
-0.021546
0.014149
0.041624
-0.079129
-0.056418
-0.037212
0.035009
-0.051546
-0.019733
-0.035927
0.020234
0.012204
-0.012864
0.0082784
0.017172
-0.020997
-0.029317
0.037871
-0.0013733
-0.031831
-0.023998
-0.0098776
0.0013638
0.0046132
0.028297
0.083359
-0.036811
-0.017717
-0.058865
0.0088896
-0.03093
-0.0038337
0.041935
-0.070037
-0.0029053
0.041104
-0.098523
0.025691
0.092767
0.0057413
-0.085742
0.07262
0.074309
-0.029238
0.010284
0.019997
0.072447
-0.014545
-0.037344
0.10246
-0.0029109
0.0049395
-0.0032006
0.054659
-0.060123
-0.019204
-0.014253
0.0094949
0.055903
-0.041681
-0.035526
0.039682
-0.023239
-0.068303
0.083236
0.051208
-0.081972
-0.014796
-0.00070492
0.11769
0.0095533
-0.054442
0.032951
-0.0070331
-0.038421
-0.014075
0.08492
-0.067169
0.0054922
0.039417
-0.059567
0.022056
-0.019564
-0.024113
-0.046288
-0.023811
0.016778
0.011434
-0.037114
-0.024823
-0.026621
-0.072859
0.11994
-0.024693
-0.12403
0.037677
0.038135
-0.092368
0.0039464
0.081976
-0.071081
-0.017409
0.052783
-0.016951
0.023509
-0.0063899
0.035355
-0.019596
-0.020407
0.030415
0.0093517
0.027282
0.015359
0.03051
-0.017463
-0.013189
0.031134
-0.14458
0.052694
0.10436
-0.14237
0.0062113
0.15729
-0.014943
-0.090369
0.059561
0.018324
-0.10148
-0.043205
-0.10249
0.024356
0.014179
-0.11975
-0.032791
0.17737
-0.054271
-0.24808
0.098748
0.11569
-0.075541
0.079063
0.013991
-0.07567
-0.0014867
0.10938
-0.062388
-0.13849
0.028132
0.047194
-0.056586
-0.024748
0.070704
-0.13945
0.010125
0.14156
-0.082943
-0.083404
0.14581
0.0059937
-0.17827
0.061127
0.17546
-0.15861
-0.039169
0.084667
-0.13664
-0.044143
0.059376
-0.09422
-0.060318
0.10313
0.092662
-0.043171
-0.11253
0.052409
-0.00034005
-0.063973
0.057844
0.061118
-0.098565
0.038929
0.055948
-0.090604
0.037059
0.050153
-0.13481
-0.023641
0.054717
0.027287
0.046381
-0.059481
-0.030074
0.09307
0.018244
-0.091134
0.066467
0.065151
-0.081743
-0.014223
0.094714
0.00086817
0.042515
-0.09152
0.041379
0.065627
-0.008944
0.012931
0.073018
-0.031315
-0.049699
0.06064
-0.0024807
0.075334
-0.02548
-0.053708
0.096985
0.013764
-0.081682
0.01155
-0.0088541
-0.071578
-0.0075282
0.11179
-0.065864
0.027803
-0.034427
-0.005019
0.020532
-0.080772
-0.072728
0.05743
0.043201
-0.10923
-0.013447
0.10528
-0.091195
-0.035114
0.16644
-0.12916
-0.11009
0.12008
0.059289
-0.12823
0.010528
0.087286
-0.080221
-0.11679
0.0076552
-0.083825
-0.018942
-0.02128
-0.006255
-0.075191
0.015785
0.11378
-0.01781
-0.063549
0.074716
-0.014348
-0.10558
0.11443
0.0027049
-0.05513
0.1853
0.031109
-0.094589
-0.019778
0.017004
-0.037224
-0.015924
0.1027
0.0095333
-0.012613
-0.051129
0.0023822
-0.018775
-0.0085788
0.01909
0.077288
0.02812
-0.065584
0.052231
-0.03303
-0.092798
0.020257
0.0055122
-0.023798
0.069655
0.052822
-0.014429
-0.039858
0.030119
0.069726
-0.071701
0.0027161
0.0081775
-0.025114
0.065212
0.0026001
-0.075757
0.022781
0.030696
-0.047198
-0.072019
0.048622
0.0063337
-0.070013
-0.0020542
0.0021106
-0.031088
0.011521
0.046617
-0.050657
0.03068
0.069505
-0.02481
0.0050354
-0.027141
0.029935
0.0040963
-0.0085155
0.089885
0.056463
-0.019645
0.0076035
0.093242
0.019602
-0.068768
0.035632
-0.0017999
-0.018931
0.019551
0.046169
-0.12266
-0.024785
0.078307
-0.00071562
0.0029488
0.11157
0.086994
-0.1366
-0.027141
0.040676
-0.036849
0.02239
-0.018351
-0.0894
0.0076926
0.032323
-0.033325
-0.093873
0.016155
0.070929
-0.071376
0.0083432
0.064205
-0.11172
0.006957
0.10778
-0.016253
-0.10627
0.05241
0.10433
-0.092788
0.021109
0.10623
0.034691
-0.070141
0.018552
0.086723
0.0074772
0.018858
0.046088
0.013842
0.0014737
0.0079251
0.022242
-0.023834
-0.028474
-0.011333
0.094929
-0.022501
-0.054273
0.0054521
-0.00028147
-0.074881
0.0027194
0.051872
-0.035033
-0.025069
0.064918
-0.06261
0.032766
-0.040854
-0.049335
0.0024105
-0.029135
-0.033951
-0.011322
0.019076
-0.012937
-0.021747
0.024641
0.0021649
-0.030912
-0.059744
0.074556
0.032935
-0.032332
0.005921
0.023657
-0.039782
-0.034928
0.027271
0.03422
-0.070625
0.035344
-0.020245
-0.0029648
0.054896
0.029794
-0.075484
0.022655
0.039725
-0.048723
-0.053043
0.11355
0.012966
0.012475
0.012312
0.0026076
0.018309
-0.039757
0.0020592
0.041672
-0.048985
-0.040927
0.06746
-0.0051096
-0.06241
0.0090974
-0.033603
0.035088
0.049178
-0.077413
-0.0234
0.032773
-0.010529
-0.047751
0.082327
0.033598
-0.068354
-0.038878
-0.018895
0.030836
-0.0091798
-0.011631
0.055034
0.0022079
-0.015023
0.020457
0.013468
-0.063939
0.046735
-0.029083
-0.026468
0.11744
0.0021544
-0.12513
0.014625
0.047865
-0.064065
-0.065525
0.063415
0.045878
-0.064931
-0.017191
0.0027513
-0.20348
0.0012474
0.20018
-0.021469
-0.052667
0.068212
-0.0080667
-0.1387
-0.033636
0.077236
-0.036966
0.11549
-0.031725
-0.098497
0.0056597
0.048803
-0.031636
-0.042597
-0.016699
-0.0068219
-0.024811
-0.01106
0.040315
-0.13113
-0.04697
0.20906
0.0080025
-0.11368
0.011899
0.086018
-0.093152
0.028323
0.088306
0.015905
0.0036105
-0.084427
0.033286
0.085826
0.0020096
-0.10901
0.099136
0.094426
-0.091792
0.094507
0.16931
-0.069263
-0.0023367
0.010437
-0.074233
-0.04278
0.036432
-0.045316
-0.041919
-0.0064345
0.096142
0.0024124
-0.038144
0.10982
-0.067725
0.01619
0.12481
-0.067903
-0.11773
0.12449
0.087376
-0.054885
-0.0062012
0.11846
-0.057454
-0.031635
0.087174
-0.060949
-0.044017
0.062322
-0.0086681
-0.044869
-0.012798
0.010089
0.0067891
-0.037121
0.056086
0.065186
0.071339
-0.027375
-0.023128
0.036727
0.060629
-0.089197
0.0309
0.066619
-0.052516
-0.0054059
-0.012224
0.043781
-0.019003
-0.027896
0.077035
0.010206
-0.063139
0.071383
0.037032
-0.069832
-0.009555
-0.0010381
0.012821
0.0062339
-0.038626
-0.061664
0.052845
0.018258
-0.06503
-0.053125
0.037126
-0.054339
0.026511
0.011883
0.033644
0.010396
-0.017611
0.017159
-0.042208
-0.0016839
0.015688
-0.001669
-0.11334
0.025631
0.056818
-0.0070203
-0.01902
0.039311
-0.058989
0.029914
0.081563
-0.0356
-0.082284
0.069627
0.013795
-0.093082
0.048308
0.049375
-0.085115
-0.026887
0.11004
-0.014004
-0.072535
0.02173
0.048072
-0.01787
-0.039241
0.11605
0.024325
-0.0042651
0.07318
0.077722
-0.067016
0.093509
-0.034198
-0.085302
0.10108
0.05731
-0.063713
-0.060107
0.046664
-0.097435
-0.040307
0.089315
0.012038
-0.10154
-0.052657
0.027407
-0.071313
-0.095273
0.063467
0.054505
-0.057309
-0.020111
0.043248
-0.035561
0.0054025
-0.02416
0.0064751
0.045439
0.01245
-0.072156
-0.037536
0.050545
0.041578
-0.015289
0.029026
-0.0024842
-0.10154
0.077794
0.046752
-0.013588
-0.034885
0.019354
-0.0255
-0.049505
0.011341
0.028685
-0.026961
-0.022862
-0.070017
0.061922
0.022245
0.062273
-0.070852
-0.054528
0.058409
-0.025021
-0.016221
0.03751
-0.046568
-0.00032893
0.020846
0.062585
-0.085709
-0.064788
0.040738
0.0021493
-0.038336
0.058414
0.076538
0.0088313
-0.015266
0.052195
-0.11254
-0.0076377
0.04321
-0.0082667
-0.024265
0.088461
0.0012
-0.059885
0.0084913
0.0095223
-0.10578
-0.033437
0.092142
0.013128
-0.0025124
0.0029274
0.01499
-0.063522
-0.00093984
-0.00056695
-0.00036022
-0.054518
0.034874
0.015312
-0.021073
0.072954
-0.080181
-0.061965
0.048226
0.021733
-0.081398
0.047852
0.047216
-0.025771
-0.038071
0.066748
0.082871
-0.038068
-0.007187
0.091489
-0.020874
-0.048199
0.020108
0.00082085
-0.034533
0.053859
-0.020791
-0.063431
-0.0059495
-0.022587
0.029751
0.038267
-0.077557
-0.073901
0.13259
0.047651
-0.054893
0.024353
0.017841
-0.14054
0.0039464
-0.093229
0.086742
0.051215
0.029843
-0.022939
0.080215
0.022049
-0.013962
0.065835
6.6626e-05
0.0088357
-0.074403
-0.048684
-0.017676
-0.048471
-0.027804
0.11802
-0.049189
-0.11003
0.053312
0.024419
-0.1882
0.028234
0.071276
-0.0027014
0.12091
0.0015185
-0.010433
0.1048
-0.039369
-0.05442
0.028318
-0.049112
-0.011213
0.035599
0.046045
-0.060172
-0.0056179
0.063435
-0.085743
-0.06026
0.12482
-0.036976
-0.075949
0.13462
0.02881
-0.053424
0.019396
-0.067282
0.16619
-0.037464
-0.19118
0.04776
0.10322
-0.10759
-0.058669
0.10003
-0.09297
-0.079691
-0.088244
-0.011151
0.049623
-0.02779
-0.045227
0.089335
0.0077929
-0.10253
0.094743
0.042196
-0.1558
-0.071172
-0.085358
0.12171
0.10749
-0.22146
0.039074
0.15109
-0.10295
0.0098832
0.10711
-0.0031258
-0.09321
0.096503
0.0099891
0.026031
-0.015815
0.016314
-0.017987
-0.05071
-0.061356
0.020244
0.019549
0.041077
-0.045779
0.02965
-0.045285
-0.048939
-0.0075478
-0.0042571
0.02033
0.042392
-0.057852
0.0084615
0.042564
-0.017555
-0.079668
0.0024114
0.002244
-2.0447e-05
0.035617
-0.0041409
-0.031402
0.042073
0.0021874
0.045515
-0.028725
-0.029473
0.083613
-0.03851
0.012549
-0.026054
-0.03938
0.024295
0.0019785
-0.0067619
0.002753
-0.042611
0.0091258
-0.014469
0.011362
0.020824
0.068424
-0.038734
0.015164
0.076706
-0.018617
-0.086349
0.01908
0.076515
0.038868
-0.080164
0.076444
0.031383
-0.055977
0.025111
-0.009307
-0.074915
-0.031711
0.019223
0.0092066
-0.057472
0.062216
-0.027145
-0.091873
-0.024532
-0.076422
-0.0094008
0.073016
0.021421
-0.046197
0.027498
0.091881
-0.060508
-0.05378
0.060373
0.038811
-0.015351
0.018714
0.09756
-0.056595
0.017725
0.0343
-0.055866
-0.031166
0.057336
0.049203
-0.02595
-0.053185
0.062564
-0.045497
-0.01389
-0.017178
-0.034865
-0.0030929
0.037915
0.09031
-0.039613
-0.030973
0.05472
-0.064812
-0.070906
0.01372
-0.0017697
-0.018557
0.023863
-0.00087204
-0.055236
0.010295
0.015169
-0.0038167
-0.023714
0.0076231
-0.011173
0.071531
0.013487
-0.051144
0.00020443
0.04232
-0.02352
-0.0052805
-0.0038511
0.0073708
0.023322
-0.061461
0.053454
0.055558
-0.03171
-0.031658
-0.030148
-0.022548
-0.070325
0.045922
0.020676
-0.058748
0.030202
0.016569
-0.072136
-0.0058244
-0.059534
0.017701
0.0084032
-0.038931
0.0099099
0.056887
-0.049071
-0.050764
0.023434
0.0097399
-0.099973
-0.025236
0.059683
-0.013139
-0.076658
0.016223
-0.020081
-0.03286
0.05598
0.018078
0.022677
-0.003734
0.029601
-0.080845
-0.00065863
0.062958
-0.007501
-0.012586
0.025812
-0.0047242
-0.056199
0.011173
0.027316
-0.10586
-0.0196
0.089124
0.01331
-0.084717
0.042084
0.0021965
-0.031571
-0.004805
0.047814
-0.047046
-0.093511
0.034504
-0.001954
0.037548
-0.045153
-0.040235
0.051014
-0.027049
-0.038152
-0.052672
0.016758
0.056945
-0.04758
-0.036859
0.044219
-0.033732
0.035149
0.0089932
-0.10936
0.049071
-0.042689
0.028596
0.035411
-0.007602
-0.046852
-0.0012468
-0.065008
0.039605
-0.0014968
0.014646
0.050559
-0.038403
0.0086686
-0.0063249
-0.0010776
-0.017446
-0.016288
0.010311
-0.00889
-0.056117
0.054409
-0.058711
0.0095726
0.076201
0.017325
-0.1026
-0.021362
0.030661
-0.024385
0.051464
0.061782
-0.032478
0.054899
0.021595
-0.0038601
0.10589
-0.039172
-0.093172
-0.0035714
0.020845
-0.027913
-0.0039642
0.11257
-0.011943
-0.083629
0.068648
-0.013706
-0.050568
0.065935
0.028751
-0.0069974
-0.04206
0.025749
0.015616
-0.016946
0.076115
-0.057767
-0.010337
0.050588
-0.031351
-0.092151
0.039884
0.058176
-0.012696
-0.042645
0.12523
-0.013439
-0.069574
-0.035036
0.032537
-0.018842
0.0099749
0.08914
0.011927
-0.045084
0.011268
0.031588
-0.022944
-0.0088209
-0.017648
-0.020181
0.061982
-0.010934
-0.017352
0.080636
-0.043072
0.056496
0.018138
-0.049875
-0.048418
0.064289
-0.028323
0.01771
-0.067091
-0.0694
0.03763
-0.055407
-0.13373
0.048578
0.051566
0.0045662
-0.0071764
0.073797
-0.0022807
0.08938
0.041579
-0.052806
-0.010065
0.0074295
-0.050187
0.021897
-0.038645
0.0034227
0.014958
-0.017245
0.025609
-0.033078
-0.016573
0.036476
0.04151
-0.078977
0.042962
0.040265
-0.012397
-0.087186
0.070834
-0.00070319
-0.024337
0.092819
-0.0055982
-0.04258
0.056678
0.066235
-0.059952
0.033042
0.057548
-0.10071
-0.079329
0.049099
0.048416
-0.018149
-0.11215
0.080021
0.042365
-0.084904
-0.0027683
0.13319
-0.10422
-0.067955
0.09203
-0.046611
0.092604
-0.040664
-0.0828
0.019567
0.059791
-0.082986
-0.032728
0.11269
-0.10597
-0.1049
0.073011
0.038126
-0.039602
-0.039116
0.03318
0.096645
-0.0048131
0.022555
0.050854
-0.033503
-0.054338
0.02092
0.048257
-0.070727
-0.083035
-0.018183
0.023901
0.017918
0.0030635
0.0082318
0.021274
0.0093924
0.043413
-0.018997
-0.0042489
-0.054678
0.026485
0.053118
0.048307
-0.024251
-0.026327
-0.025896
0.0018463
-0.017644
-0.011457
-0.031172
0.018387
-0.0051548
0.0058556
-0.0088547
0.03392
0.001078
0.028274
-0.045965
-0.028689
-0.045311
0.013654
0.0066218
0.0022353
-0.018889
0.057254
-0.041178
-0.033705
-0.032832
0.0059479
0.010493
0.033119
0.034168
0.016996
0.011074
-0.049032
-0.061496
0.00017936
0.092901
-0.0029745
-0.12485
0.027782
0.074986
-0.027518
-0.060622
0.0262
0.061829
-0.081485
0.028275
0.020334
-0.089732
-0.070342
0.090949
0.039677
-0.079193
0.035048
0.071502
-0.080846
-0.036809
0.061639
0.057649
0.070344
0.057984
-0.12762
0.037446
0.08785
-0.060543
-0.058402
0.045079
0.0010463
-0.053145
-0.035685
-0.0065076
-0.054299
-0.097507
0.032457
0.078143
-0.094083
-0.017717
0.011978
-0.032621
-0.10251
0.072833
-0.029523
-0.032945
-0.071178
0.038005
-0.037057
-0.086898
0.089512
-0.0054559
-0.17291
0.014061
0.13344
-0.12487
-0.09398
0.12371
-0.083665
0.12654
-0.038889
-0.094484
0.033318
0.015642
-0.049219
0.030588
0.021444
-0.025972
0.04392
0.0026564
0.035723
-0.008995
-0.075515
0.071875
0.063051
-0.12814
-0.028921
0.13345
-0.055347
-0.13043
0.13023
0.067273
-0.0043801
-0.0046522
-0.14141
0.088822
0.070169
-0.044939
0.01735
0.079234
-0.02582
-0.023878
0.016984
-0.047184
-0.11011
0.10735
-0.0037498
-0.053292
0.072559
0.071308
-0.16797
0.0079494
0.09773
-0.16864
-0.073052
0.10087
0.080281
0.10925
-0.21329
0.0063322
0.20117
-0.11331
-0.088028
0.11357
0.041723
-0.11619
0.056131
0.06823
0.068664
0.086215
-0.085672
0.013126
0.084753
-0.18074
0.015493
0.072923
-0.08082
-0.054613
0.20263
0.0066763
0.14372
-0.19064
-0.06403
0.23924
-0.075651
-0.16951
0.11359
0.059661
-0.14694
0.071009
0.085882
-0.096638
-0.014806
0.024285
0.057725
-0.044521
0.021417
0.036933
-0.033369
-0.0071121
0.025824
0.071289
-0.029028
-0.024017
0.030692
-0.098339
-0.021797
0.072983
0.031096
-0.035734
0.053799
-0.00022069
-0.10872
0.07579
0.0064965
-0.061234
0.022686
0.0053559
-0.060608
0.069803
0.014435
-0.053414
0.02192
0.021913
-0.0066887
0.021305
-0.040121
0.049564
-0.058047
-0.067479
0.18795
0.0092128
-0.0045068
0.021809
0.041677
-0.10666
0.0041466
0.081079
-0.00281
-0.017328
-0.055559
0.067686
0.080158
-0.091232
-0.057041
0.072868
0.021697
-0.09427
0.062172
0.22404
-0.10396
-0.061529
0.11433
-0.072229
-0.05319
0.089852
-0.0003182
-0.030297
0.060776
0.051297
-0.0058139
-0.05076
0.080958
0.1103
0.079184
0.11119
-0.036333
-0.13524
0.067824
0.05914
-0.086164
-0.0099161
0.12052
-0.064958
-0.18536
0.12914
-0.0053186
-0.069272
0.097975
0.052602
-0.073891
-0.0052364
0.036942
-0.024708
-0.058286
0.10684
0.0068944
-0.075587
0.029352
0.028549
0.036366
-0.012308
-0.0018652
-0.017475
-0.080914
-0.014495
0.063303
0.0062893
-0.057106
-0.0058472
-0.04777
-0.087702
0.065066
0.03947
-0.0089851
0.010655
0.080811
-0.062712
-0.053291
-0.00029655
0.015732
-0.075912
0.016929
-0.025665
0.010664
0.048387
0.075959
0.022261
-0.06661
0.053614
-0.066338
-0.08124
0.055106
0.04763
-0.086303
-0.010116
0.050372
-0.0073782
0.013094
0.076319
-0.032699
0.026534
-0.01614
-0.015918
-0.017694
0.0060915
-0.084475
-0.036971
0.091197
0.022239
-0.087499
0.083579
0.095556
-0.064213
-0.0063331
0.096528
-0.12414
-0.063328
0.0029362
0.13931
-0.03442
-0.0060741
0.061467
0.0058535
-0.048449
0.021743
0.11667
-0.08308
-0.064153
0.090652
-0.1045
0.079933
-0.019044
-0.11664
0.011037
0.029502
-0.14868
-0.057905
0.099349
-0.048636
-0.079474
0.10981
0.0098489
-0.049503
-0.09027
0.036724
0.034237
-0.061805
0.041399
0.093782
0.0084511
-0.034821
0.002273
0.015226
-0.0063528
0.080338
-0.043807
-0.079465
0.034095
0.058336
-0.083056
0.020348
0.036813
-0.032191
-0.058862
0.0067962
0.098869
-0.099741
0.030584
0.10222
-0.045499
-0.027791
0.01914
0.077073
-0.061553
0.014294
0.043426
-0.0819
-0.019943
-0.033588
0.0049411
0.064476
0.050503
-0.051682
-0.061141
0.091669
-0.038092
-0.038314
0.040365
0.049037
-0.014691
-0.023427
0.072616
-0.031855
-0.086205
0.070063
0.061277
-0.04217
-0.082781
0.026922
-0.0645
-0.025859
0.012375
-0.0016641
-0.019206
-0.023179
-0.0054876
0.03554
0.023109
-0.0267
0.048751
0.031063
0.016287
0.021236
-0.068138
0.035447
0.070423
-0.007775
-0.085486
-0.0026058
-0.01626
-0.024962
-0.019208
0.046939
-0.061134
-0.088311
-0.043355
-0.0705
-0.0494
-0.012747
0.032284
0.017234
-0.019331
0.012581
0.00094243
0.035109
0.01337
-0.077329
0.030277
0.051714
-0.035754
-0.070224
0.0080362
0.078842
-0.086338
-2.9742e-05
0.087356
-0.035846
-0.028595
0.040642
0.013269
-0.032821
-0.076259
0.13853
-0.03551
-0.08337
0.010333
-0.024122
-0.10281
-0.0024108
0.22026
0.022357
0.0019998
0.0060181
0.014789
0.068884
0.03154
-0.024247
-0.074788
0.034684
0.037086
-0.018088
-0.0013876
0.023878
0.02515
0.023952
0.042327
-0.018795
-0.10633
-0.035517
0.089929
-0.11968
-0.01901
0.12509
-0.019845
-0.085446
0.065839
0.022237
0.016779
-0.027532
0.078747
0.0026855
-0.017932
-0.024379
-0.030262
-0.029748
-0.074037
-0.016342
-0.074513
0.070016
0.048608
-0.044201
-0.053331
0.072399
0.090122
-0.025497
-0.056723
-0.015767
-0.024339
-0.0715
0.0033305
0.0066966
0.002244
0.16041
0.099639
-0.1021
-0.010225
0.094987
-0.091686
-0.024889
0.065468
0.020983
0.033565
0.09639
-0.044981
0.032193
0.027769
-0.0041678
-0.051355
-0.14961
0.043134
0.067256
-0.030893
-0.029825
-0.011399
-0.045637
0.1016
0.048896
-0.073029
-0.014617
0.0034371
-0.018082
-0.025123
0.12188
0.011331
-0.094038
-0.011014
-0.10261
0.018461
0.071698
-0.1059
-0.083017
0.066202
0.041573
0.0034113
-0.012813
0.049094
-0.024869
-0.022623
0.015158
0.12365
-0.11848
-0.01237
0.15535
-0.032596
-0.12575
0.076982
0.086143
-0.10717
-0.040761
-0.12084
-0.056111
0.034506
0.0060696
-0.065247
0.0023926
-0.027912
-0.028361
0.032711
0.0071229
-0.03253
-0.016212
-0.014986
0.12481
-0.04151
-0.1095
0.099838
-0.00036758
-0.19513
0.038837
0.084417
-0.13519
-0.028842
0.082177
-0.055621
0.082434
0.053636
-0.16796
0.046848
0.067333
-0.047118
-0.049993
0.18833
0.073321
-0.194
0.043674
0.033805
0.10719
-0.046164
0.058835
0.029748
-0.029846
-0.071217
0.0095838
0.0055693
-0.081325
0.021419
0.053709
-0.0099341
0.063597
-0.16183
-0.041025
0.11567
0.0035211
-0.039638
0.1045
0.054784
-0.14093
0.016415
0.044512
-0.038024
-0.03867
-0.022444
0.05286
0.024034
-0.12239
0.079161
0.046915
-0.068967
0.029672
0.07933
-0.072598
-0.061192
-0.0018674
0.028213
-0.10649
0.022654
0.047083
0.025093
-0.03609
0.092518
0.077875
-0.10091
0.017271
0.033995
0.069266
-0.021053
0.0065791
0.019336
-0.060776
0.016438
0.045021
-0.047604
-0.025357
0.0054975
0.01456
0.026147
0.047722
-0.10232
-0.025957
0.075174
0.015657
-0.074338
0.083037
0.078474
-0.15944
0.0084465
0.13132
0.055012
-0.14078
0.0048672
0.083263
-0.03869
0.0064874
0.019041
-0.0089823
-0.065318
0.04778
0.00055906
-0.10002
0.0063938
-0.067313
-0.096343
0.081088
0.038254
-0.10502
-0.037064
0.15515
-0.027337
-0.077099
0.059283
0.092563
-0.11422
-0.035754
0.060656
-0.11971
-0.097467
0.085975
0.06337
-0.11928
0.025488
0.11357
-0.06696
-0.11072
-0.021084
-0.098768
0.080625
0.05507
-0.073767
-0.019061
0.057883
0.010064
-0.069976
0.06665
0.094965
-0.035773
-0.037973
0.15959
-0.11263
0.014047
0.092706
0.097288
-0.054681
-0.013934
0.083867
-0.056973
-0.042057
0.084752
3.1783e-06
0.10007
0.02386
-0.060811
0.12292
0.013658
-0.10935
0.062377
0.075412
-0.075147
-0.054618
0.073548
-0.035078
-0.060221
0.023783
0.067455
0.0013978
-0.047235
0.032859
0.011746
-0.059613
-0.0094606
0.086946
-0.00063707
0.081939
-0.0077508
-0.098751
0.059271
0.041151
-0.1218
-0.0033965
0.074394
-0.03829
-0.0083119
0.091892
0.031658
-0.095743
0.023629
0.061188
-0.02021
-0.016135
-0.0061164
-0.028757
-0.038679
0.030957
0.048795
-0.025366
-0.051627
-0.050649
-0.013506
0.026401
-0.011304
-0.023545
-0.023986
0.070149
0.056572
-0.033424
-0.004824
0.00016047
-0.096663
-0.0074324
0.094399
-0.090609
-0.073232
0.11513
-0.01296
-0.08158
0.016742
0.032203
-0.10464
0.0074345
0.054059
-0.065165
0.048549
0.023683
-0.031851
0.013381
0.075315
-0.013582
-0.055446
0.039546
0.005589
-0.060377
-0.055881
0.11351
-0.04358
-0.088824
0.10934
0.040665
-0.11277
0.0077917
0.088365
-0.058186
-0.072384
0.08931
-0.0053167
-0.030222
-0.072654
-0.057782
0.038403
-0.012256
-0.011651
0.029813
-0.039015
-0.11922
0.095446
0.05134
-0.017641
-0.0060654
-0.059929
-0.0175
0.026285
0.010555
0.028792
-0.0082579
-0.032908
-0.055641
-0.0083127
-0.022847
0.078915
0.003542
0.0096639
0.11974
0.0024211
-0.022634
0.027789
-0.0061412
-0.065576
0.083456
0.090912
-0.038435
-0.027592
-0.023227
-0.0066682
0.049259
-0.011819
-0.026167
-0.045766
-0.0115
0.017109
0.028671
0.060495
0.020964
-0.0034386
0.039355
-0.057571
-0.052335
0.029818
-0.012507
-0.0247
0.058448
-0.0041286
-0.05415
0.07624
-0.0086611
-0.005901
-0.117
-0.10564
0.00048558
-0.01432
-0.055631
0.10218
0.064486
-0.097115
0.019375
0.056443
-0.063797
-0.020766
-0.028975
-0.060275
0.0015874
-0.002705
-0.001561
-0.049278
-0.024231
-0.02692
-0.071701
0.014834
-0.028552
-0.039057
-0.059861
0.063874
0.016773
-0.068417
0.093273
0.035615
-0.026768
-0.091348
0.010328
-0.05609
-0.040121
0.032096
0.055197
-0.021619
-0.057857
0.01165
0.030471
-0.042428
-0.021711
0.15214
0.005604
-0.063412
0.052605
0.016466
0.016705
-0.011504
-0.086319
-0.049125
-0.0034519
0.072093
-0.033825
0.02301
-0.069232
-0.033052
-0.0037212
-0.051337
0.015041
-0.026298
-0.027174
0.07421
-0.03804
0.010825
0.071357
-0.02739
-0.0849
0.021948
0.063763
-0.042466
0.040603
-0.05007
0.028783
0.10642
-0.013848
-0.034549
0.012376
-0.049292
-0.0027044
0.039756
0.010844
-0.022249
0.073277
0.020997
-0.095616
-0.0023937
0.030388
-0.088322
-0.074614
0.11552
-0.04268
-0.068915
0.036945
0.060085
0.043859
-0.043939
-0.027098
0.02209
-0.055452
-0.11626
0.09066
0.026646
-0.085793
0.034534
0.056619
-0.09241
0.049184
-0.11646
-0.016033
0.074821
-0.066578
-0.024071
0.15032
0.028218
-0.091015
0.0093931
0.077719
0.0089873
-0.073262
-0.088943
0.10838
-0.020842
-0.09915
0.071219
0.063929
-0.097097
0.051087
0.10219
-0.056256
-0.014329
0.055836
-0.06845
0.043608
0.063269
0.014474
-0.032452
0.054361
0.016303
-0.031079
-0.0016561
-0.015938
-0.020428
-0.043466
0.15673
0.039054
-0.11136
-0.0023819
0.010777
-0.10759
-0.042025
0.12035
-0.00093759
-0.064915
-0.003501
-0.047569
-0.034358
0.10286
-0.036686
-0.035273
0.03136
0.024253
-0.019843
0.014547
0.061348
-0.03527
-0.014843
0.12959
0.016872
-0.15755
-0.01236
0.096298
-0.10646
-0.034388
0.16633
-0.0089964
-0.036754
-0.0041127
0.034413
0.064763
0.029118
-0.11855
0.067431
0.060493
-0.083012
-0.045514
0.15228
-0.024764
-0.20824
0.057487
0.083822
-0.12804
0.050348
0.052802
-0.013494
-0.03015
0.066217
0.008576
-0.039649
0.021553
0.042948
-0.016005
-0.12355
0.012598
-0.11635
0.03001
0.095336
-0.089239
-0.073405
0.11043
0.0033614
-0.20794
0.04224
0.16146
-0.15152
0.066752
-0.00039202
-0.042475
-0.070099
0.069613
0.016046
-0.10404
0.014865
0.09169
-0.05525
-0.080112
0.065575
-0.011683
-0.015655
0.070769
-0.024401
-0.06664
0.067008
0.06126
-0.11759
0.01253
0.039738
-0.078604
-0.050819
0.052096
0.070971
-0.063245
-0.025858
0.15534
0.047236
-0.10733
-0.029263
0.016723
-0.044611
-0.0064448
0.13634
-0.045146
0.066362
0.011376
-0.16005
0.035919
0.10787
-0.034961
-0.0086424
0.073437
0.0021745
-0.13707
0.021087
0.08179
-0.046186
-0.065198
0.15378
0.0609
-0.14476
-0.063742
0.1103
-0.0089591
-0.0020736
0.15082
0.0047912
0.0072519
0.076847
-0.11668
-0.10103
0.10677
-0.019519
-0.06976
0.10382
0.066774
-0.12805
-0.021409
0.069113
0.016477
-0.025326
0.023968
0.042773
-0.064195
-0.045111
0.095943
-0.016108
-0.03747
-0.026947
0.08841
-0.093394
0.10819
-0.033694
-0.00425
0.11916
0.041498
-0.095496
-0.017981
0.075595
-0.097863
-0.10509
0.097264
0.10429
-0.069777
-0.017291
0.05774
-0.052583
-0.009081
0.029934
0.05066
-0.036526
-0.034742
0.11627
-0.096629
-0.076513
-0.014076
-0.067344
-0.0056455
0.0064754
-0.052646
0.04316
0.097526
-0.0088226
-0.095045
0.06632
0.051034
-0.070857
-0.014952
-0.048979
0.048995
0.0023144
-0.045613
-0.0042348
0.038243
-0.0055656
-0.0059757
-0.0042867
0.004733
0.029477
-0.032512
-0.014455
0.069579
-0.051022
-0.041654
0.016333
0.0065719
-0.11132
0.033819
0.027076
-0.079053
-0.059926
0.044126
0.066329
0.039857
-0.0080654
-0.0090677
0.042888
0.0022546
-0.021955
-0.0080681
-0.008148
0.0081806
-0.026363
0.0063261
-0.073919
-0.045282
0.019454
-0.025964
-0.0095047
0.055511
0.030757
-0.089006
0.10383
0.006961
-0.049696
-0.020536
-0.11478
0.06462
-0.02218
-0.12704
0.081565
0.079211
-0.082844
-0.012301
0.061607
-0.017134
-0.043086
0.010633
-0.082634
0.050063
-0.0017912
-0.023528
0.028873
0.026573
-0.049032
-3.6208e-05
0.044794
-0.070705
-0.05828
-0.038351
0.093191
-0.0001864
-0.099814
0.0052416
0.098476
-0.053644
-0.057082
0.097494
-0.058967
-0.0072337
0.055019
-0.030101
0.076915
0.016363
-0.088624
0.031351
-0.0055102
0.017939
0.0034162
0.013293
0.010359
0.020661
-0.009285
0.11171
0.01722
-0.10498
0.092599
0.027466
-0.18737
0.0034398
0.12793
0.014474
-0.025875
0.10491
0.039741
0.084855
0.036492
-0.13082
-0.02303
0.045109
-0.036455
-0.051709
0.018373
-0.01409
-0.020863
-0.058578
0.046338
-0.016441
-0.18511
0.024943
0.087872
-0.14724
-0.047102
0.19024
0.0038455
-0.1186
0.095822
0.067376
-0.10228
0.095379
-0.071157
-0.098713
0.14103
0.015017
-0.12667
0.045135
0.12612
-0.15396
-0.11185
0.19682
-0.0014199
-0.037732
-0.1221
0.12091
0.0568
-3.7014e-05
0.089058
0.10528
-0.13655
-0.036519
0.041254
-0.0033146
-0.04317
-0.0071501
-0.10199
0.13751
0.064953
-0.19972
-0.012299
0.12007
-0.097778
-0.14396
0.1912
0.0040027
-0.16811
-0.052108
0.082402
0.091076
-0.06553
-0.01875
0.088258
-0.068698
-0.069127
0.1145
0.031611
-0.12222
0.077608
-0.089102
0.041688
0.067201
-0.012293
-0.11243
0.011975
0.024247
-0.033402
-0.025279
0.035887
0.022017
-0.047001
0.033264
-0.1355
-0.02374
0.15638
-0.0255
-0.054399
0.092964
0.058453
-0.064045
-0.076476
0.080415
-0.0067702
0.058439
0.095187
-0.061973
-0.04508
0.015886
0.0078717
-0.070516
0.0047785
0.03266
-0.0038323
-0.15368
0.025583
-0.078254
0.010391
0.11667
-0.032164
-0.096332
0.012593
-0.0016086
-0.080079
-0.060327
0.050352
-0.036946
-0.0062671
-0.13869
0.024884
0.10765
-0.029125
-0.052168
0.10134
-0.024409
-0.15385
0.041184
0.15528
-0.12284
-0.048629
0.075943
-0.027836
-0.0106
0.03147
-0.074713
-0.047372
0.036163
0.075081
-0.036168
0.013675
-0.0075022
0.041568
0.017481
0.085895
-0.081247
-0.024769
0.017924
0.032966
-0.060233
0.021688
0.13437
-0.010603
-0.050903
0.080563
-0.07874
0.034511
0.10859
0.00018776
-0.095628
0.029464
0.068577
-0.08703
-0.07921
0.017725
0.065934
-0.097228
0.047816
0.055687
0.041145
0.01061
-0.029415
0.084778
0.01699
-0.02026
0.0022263
0.0569
-0.048102
-0.068319
-0.047923
-0.05832
0.07567
-0.012256
-0.065462
0.044645
0.012468
-0.019026
-0.021131
0.030941
-0.0017335
0.04191
0.026783
0.01374
-0.028742
-0.022946
0.065918
0.030185
-0.036141
0.035489
0.034285
0.031728
-0.027738
0.001288
0.016597
0.036044
-0.0020024
-0.033353
0.066523
0.053335
-0.056068
0.022651
-0.045458
-0.045085
0.046409
-0.055943
-0.05217
0.0054584
0.091481
-0.045742
-0.025921
0.0197
0.03911
-0.15591
-0.0051309
0.057362
-0.062016
-0.054284
-0.031019
0.079336
-0.00033909
-0.12547
0.024739
0.032838
-0.065586
-0.019502
0.038633
-0.028844
-0.038928
0.061546
-0.078618
0.088397
-0.01317
-0.011939
0.018355
0.044033
-0.11314
-0.00067686
0.078157
-0.030198
0.014112
0.0064821
0.030363
0.038428
-0.035979
-0.012297
0.012354
-0.057699
0.021294
0.1019
0.0076965
-0.026494
0.042572
0.020127
-0.081801
-0.0035007
0.11407
-0.058563
-0.047204
0.12223
0.0034862
-0.13706
0.012584
0.13819
-0.045361
-0.026958
0.10529
-0.017492
-0.062279
-0.021153
0.005483
0.065945
-0.020223
0.040504
-0.037423
-0.084656
-0.0074715
0.046335
0.0084187
0.077574
0.0053985
-0.077481
0.049172
0.029288
-0.093209
0.0017715
0.12735
-0.054894
-0.067048
0.036969
-0.037613
-0.0062439
-0.033963
0.11174
-0.051341
-0.061427
0.014432
0.055946
-0.041201
-0.050629
0.015507
0.025228
-0.011555
-0.02114
0.10539
0.14305
-0.084773
0.036513
0.069338
-0.059503
-0.040901
0.057512
0.0062386
-0.070604
-0.011064
0.049027
0.062416
-0.12272
0.038673
0.13729
-0.070927
-0.10518
0.084688
-0.025028
-0.10369
0.017517
-0.06651
0.023379
0.07337
-0.047967
0.00035786
0.037182
-0.012881
-0.078155
0.11064
0.056071
-0.11853
0.03064
0.072377
0.10196
-0.065488
-0.016013
0.138
-0.046157
-0.055508
0.1203
0.0052206
-0.1491
0.085248
0.025904
0.064824
0.013047
-0.00083507
0.023006
0.0047248
-0.059102
-0.040939
0.10214
-0.058805
-0.0099106
0.025432
-0.021778
-0.10122
0.062756
0.098656
-0.056404
-0.074379
0.0043186
0.047815
-0.085346
0.015651
0.047003
0.016205
-0.0406
0.0059303
-0.011211
0.029132
-0.012198
-0.046768
-0.029292
0.087212
-0.0039761
-0.051553
0.010987
0.034319
-0.064196
-0.011719
0.05046
-0.042329
-0.056281
0.061413
-0.012109
0.0074549
0.04613
0.040743
0.0073045
-0.066652
0.05854
-0.15358
-0.012422
0.082426
-0.050012
-0.027143
0.073723
0.041627
-0.0881
-0.0095618
0.070335
-0.054312
-0.021658
0.11827
-0.010573
-0.14549
0.027009
0.13355
-0.073406
-0.042493
0.15073
0.018731
-0.07988
0.054264
0.083772
0.0046024
0.064556
0.017328
-0.016804
0.035869
0.027416
-0.11643
0.040055
0.059989
0.0030385
-0.048199
0.028181
0.040784
-0.11709
-0.049637
0.06207
0.018427
-0.034951
0.085772
-0.031653
-0.14448
-0.028051
0.10882
-0.068216
